,Bourg-en-Bresse,Laon,Moulins,Digne-les-Bains,Gap,Nice,Privas,Charleville-Mézières,Foix,Troyes,Carcassonne,Rodez,Marseille,Caen,Aurillac,Angoulême,La Rochelle,Bourges,Tulle,Ajaccio,Bastia,Dijon,Saint-Brieuc,Guéret,Périgueux,Besançon,Valence,Évreux,Chartres,Quimper,Nîmes,Toulouse,Auch,Bordeaux,Montpellier,Rennes,Châteauroux,Tours,Grenoble,Lons-le-Saunier,Mont-de-Marsan,Blois,Saint-Étienne,Le Puy-en-Velay,Nantes,Orléans,Cahors,Agen,Mende,Angers,Saint-Lô,Châlons-en-Champagne,Chaumont,Laval,Nancy,Bar-le-Duc,Vannes,Metz,Nevers,Lille,Beauvais,Alençon,Arras,Clermont-Ferrand,Pau,Tarbes,Perpignan,Strasbourg,Colmar,Lyon,Vesoul,Mâcon,Le Mans,Chambéry,Annecy,Paris,Rouen,Melun,Versailles,Niort,Amiens,Albi,Montauban,Toulon,Avignon,La Roche-sur-Yon,Poitiers,Limoges,Épinal,Auxerre,Belfort,Évry,Nanterre,Bobigny,Créteil,Cergy
Bourg-en-Bresse,0.0,5.6636073592711975,2.1752595820608525,3.581732002431886,2.813749151184772,4.645074242868139,2.464057444464167,5.753571835512733,6.650179603554747,3.5866305164510406,5.8189652582310964,4.225273225063424,4.673612544448204,7.707827691773006,3.741148214575642,5.72730629054548,7.088832718557441,3.418840347042765,4.157519315869486,7.987287030515069,7.428225687589842,1.8054549285729342,9.44518068071107,3.7306448068074545,5.3114529512802,1.8779482719057832,2.0770447616286565,6.322794965512551,5.428077843093089,10.582599579698613,3.9280315922605924,5.9947986675429235,6.68562962055909,6.888661832256275,4.439392774590583,8.135440730433684,4.02672624474993,5.339427676443135,1.7267053214990935,0.8366827922260508,7.482685835840569,4.809443799218984,1.5470664549426052,2.397604995679511,7.6382323944564225,4.537640114823207,5.119876277557983,6.1258630716794045,3.336204008485059,6.662045059501801,8.273855279122763,4.517178898848594,3.0627640324092504,7.1997776347521585,4.127979976486447,4.121987166349887,9.058858647395436,4.7919391762828445,2.601473549159269,7.47113297375265,6.189750430482945,6.630883904966653,7.064326758930161,2.482781543218742,7.907269756823642,7.56635866301027,6.232932607008086,4.691552788095937,3.806211205280668,0.8313540510327256,2.4936821876939375,0.47034283444887826,6.207495458908886,1.2885109089243374,1.1211284751145538,5.277161838122859,6.842191689457616,4.673747304812992,5.3564897512457295,6.318487974962372,6.705066196062659,5.054820884843241,5.618592608403683,5.013230019159543,3.654491561202101,7.398444632277012,5.444051743608076,4.459820201634781,3.4330079098851534,3.1336550226521056,2.920498787144633,4.930058698224989,5.415437508018223,5.277576325699025,5.124994638980538,5.692387919282235
Laon,5.6636073592711975,0.0,4.8237473119716405,9.244168109621477,8.474437473898956,10.236976357638621,7.828689441322311,1.1828478670723226,10.833957357254553,2.0896471747597185,10.297571644388125,8.45441403152345,10.248851964865556,4.221015567406914,7.559351549295152,7.318685549219332,7.50489485187042,4.197025818160652,7.189761814052741,13.54329900222789,12.785513143916212,3.9044913364317604,6.932800299929361,5.767635965407359,7.709579620880738,4.527890576679335,7.565160260782032,2.7300418519079233,2.88015033233595,8.546462187913699,9.233955364980085,9.86934150650752,10.076806032938679,8.865454928203794,9.565479369538092,6.0648045491769444,4.882256800164868,4.680378800813799,7.389537880184947,5.081742990622818,10.177874417457083,4.000216184347156,6.676799047961447,7.2669584821701605,6.683210556742573,3.228833268794183,8.556850752626065,9.220058466051013,8.105771845681183,5.569092513443341,4.984631566821121,1.2464989397521282,2.830318279591367,5.228895577995318,3.033079283931618,2.0552328703031537,7.4353573590005215,2.764465708695999,4.163474722228718,1.8075464469049334,1.6239155475855123,4.142233160796893,1.458959750857257,6.110114834006275,10.992962604629318,10.897542459398625,11.0574137664918,4.625493570873533,4.612348012460861,6.242131013380444,4.116859899379728,5.389081876256789,4.401970917123983,6.888009807177349,6.477849834108562,1.7531295363862351,2.6407041463301386,1.932503612688916,1.987414728260744,6.811515064701842,1.4718558011699692,9.196359774110798,9.24939572592813,10.652997246487873,9.111516435793389,7.134424814558651,5.94787705526044,6.512974833845312,3.7267936311071455,2.8369783135783178,4.626567345207743,1.9501159457144102,1.8376454529923825,1.6217776161406983,1.746963406772386,1.8445363012522897
Moulins,2.1752595820608525,4.8237473119716405,0.0,5.151660376096007,4.464497165013691,6.40806484108005,3.2676790620288574,5.35484900807062,6.112835941529975,2.8928887390199964,5.502033648323427,3.663315885659554,5.739636713268202,5.792502612232713,2.817700161628973,3.827575703246733,5.012052381445177,1.3172443049810838,2.7234416494770546,9.711545696503515,9.35007660979333,2.2310972042416,7.3112127877310815,1.7416430106192249,3.6691884407779742,3.1433831923102447,3.1527294737110467,4.598876997203201,3.617972620887931,8.410988237815438,4.536101418488377,5.218516047361018,5.630145753865431,5.192082482937583,4.787654063649305,5.992591028691834,1.8520783146784818,3.187020846999156,3.471580465388474,2.456031047697132,6.104841852748014,2.7293424976626395,2.1598510228181116,2.5245766139317203,5.463928709050383,2.6474197794619285,4.014537148150757,4.8789689103551,3.2963588663733256,4.4934111874292055,6.282716927917794,3.9970323113806705,3.1642699807618504,5.077074285997291,4.6006778612138675,4.053864267686719,6.88475699599457,5.117151223737766,0.7046634243531404,6.530756190723244,4.791053736953692,4.616044682371704,6.010433000837971,1.298023055649721,6.732429859345553,6.509348010213527,6.23421026694224,5.770200318085523,5.009216116129654,2.1106224812618404,3.519093383045577,1.7066376330401918,4.1226425827265345,3.3003391728146285,3.2862502210059645,3.8280383928410258,5.205297940206971,3.251787687992386,3.8210342264825248,4.219845333102566,5.457750529884787,4.445255553005047,4.664002809022703,6.269153719401797,4.522457953235476,5.252986869321976,3.3044570862155074,2.5864704380771304,4.259785937586162,1.9944520091119813,4.225789335260094,3.449848027338256,3.9276548292240023,3.8756380506523302,3.694489657630838,4.196505301325631
Digne-les-Bains,3.581732002431886,9.244168109621477,5.151660376096007,0.0,0.7714599560270462,1.3501961718903308,2.143271014112129,9.271884719955198,5.688120108527228,7.16806085890207,4.73207207637049,4.233860746050852,1.6253566943824487,10.943093680684601,4.544752400009414,7.352625912348225,9.001574994327402,6.451969022194589,5.439586705612086,4.5621403473494535,4.36877788453638,5.358028400770856,12.242345754760219,5.9672289541566546,6.54090860860334,5.058545866512819,2.0479103862519845,9.709221152374901,8.750650693882521,13.100242828153462,2.207049537839677,5.60492480820533,6.580000984505099,7.900775884567083,2.839328185482103,10.919973380067933,6.7291110322516285,8.168598521515612,1.8550306993406958,4.217796076855867,7.788323943967018,7.8426804119820215,3.0208513799729064,3.093363965840331,10.077421520770034,7.79199694097643,5.543468832457284,6.478196606568845,3.218196828302233,9.335121459789363,11.41215778240945,8.082156469723554,6.569515701373405,10.079823004125135,7.388519377985256,7.608764847486189,11.565409375747574,8.074392560041378,5.796910126950105,11.051675796528011,9.71267857975115,9.744762942098294,10.644846844316037,4.487636268351787,7.775519295773782,7.285053167479876,4.494788118513063,7.39049945698901,6.524359365397479,3.1223629467029057,5.670454538419583,3.8980311616497683,9.20415345582469,2.3918381201565126,2.904857695919426,8.774392331331246,10.280631656791304,8.169422042958299,8.824390766577055,8.382766448377701,10.26505780994379,4.729201757224359,5.634551371742844,1.595479251467409,1.6674774687765495,9.579794583623089,7.761057496768136,6.305022319747231,6.560586327633249,6.653020752705091,5.738501453678709,8.411510911795908,8.901693902458081,8.789106110959134,8.62580445718905,9.179356014136674
Gap,2.813749151184772,8.474437473898956,4.464497165013691,0.7714599560270462,0.0,1.944804440239631,1.7146270127414722,8.502141824887723,5.7865680337467325,6.400362187896025,4.828113972610887,4.031126021816409,2.1865764246822663,10.254424437793324,4.188171469235711,6.933245051600115,8.551527080187215,5.775960878633446,5.032966246873132,5.258561756494751,4.929105754979462,4.586616616271435,11.64333854269837,5.408506688087351,6.179674094872567,4.30331777636937,1.4813068212882814,8.98828037279226,8.039750689569098,12.559745687850638,2.2940364131586497,5.5624953212541595,6.501565392195873,7.61236623654049,2.9616662256414226,10.318238747552776,6.108763259514558,7.542213378789454,1.0880759750771916,3.4478077366362028,7.646037630540457,7.178594864236421,2.385400739951787,2.618365586691776,9.536738802846351,7.089801118341182,5.31519301672924,6.2959240879240825,2.953131403167234,8.745510715968708,10.743671974805117,7.31075642512146,5.799371067482923,9.45608808107781,6.6392311319555,6.840376604062657,11.0204753269612,7.324822812391765,5.09008480623054,10.281857959995099,8.963004686105277,9.075878781456156,9.877996726202381,3.911933561518533,7.729059390309458,7.262685534999416,4.756242725277315,6.706098721245278,5.828714668358866,2.3938126488841545,4.920349567997588,3.1416241305236396,8.554536172973929,1.6244822300141613,2.152985437013053,8.0296459809808,9.549949824421265,7.424282755319786,8.085769815500036,7.896699322518092,9.506069579572097,4.634720034407584,5.4996023917245065,2.3114541268487097,1.76195205695041,9.084216520034305,7.220782640536257,5.822183772569401,5.820678957251483,5.901013119941787,5.021948776480089,7.669578476934044,8.159395167016605,8.041306496607138,7.88014125521108,8.437217351345149
Nice,4.645074242868139,10.236976357638621,6.40806484108005,1.3501961718903308,1.944804440239631,0.0,3.492991927424794,10.14591963449376,6.719435064941538,8.196672305826393,5.787268173392566,5.518407356622857,2.3040638656553862,12.19541670041089,5.882193021014668,8.697721301159733,10.349936562883542,7.720517941322065,6.784657499876257,3.34395142092391,3.020159289836097,6.333803490225787,13.569436170636582,7.306387172544493,7.874215683344218,5.852550821127809,3.3727963739825233,10.909015682284583,9.970213893930945,14.446177268607592,3.3798874522159315,6.768573152223971,7.760979593069458,9.20427002529656,3.942848468526928,12.245442384171074,8.042811184798692,9.479271182035673,2.974175155120955,5.155371763149058,9.00770320789999,9.123347851624905,4.3201768940316025,4.442295097160303,11.422767666766678,9.026435389778566,6.828856771499339,7.731938267530768,4.539199168158008,10.665592970905466,12.688353022421754,9.034777311917177,7.4728225197912845,11.39277665573223,8.107730085260837,8.473878615717409,12.910239791826228,8.787076415986487,7.026251158595732,12.036617785728906,10.834102845574513,11.020601312986406,11.667684554293212,5.8195758302748,8.919661389833612,8.41225047629179,5.365212368144749,7.845242514672284,7.034054100553719,4.323510605069845,6.422049536973729,5.020502163010138,10.4980018528838,3.367984753025348,3.762809131662281,9.914871191627059,11.458103692747034,9.309977808518406,9.983176325099935,9.732953806441499,11.343793914113855,5.944329229656479,6.865440790292044,1.8166324050660996,2.8807006369708033,10.929860045242094,9.105733233015947,7.65515180884376,7.243793912895327,7.7742824387631595,6.3412296461741375,9.56149809299688,10.04959788760041,9.919280276306166,9.763607481512581,10.327233856701268
Privas,2.464057444464167,7.828689441322311,3.2676790620288574,2.143271014112129,1.7146270127414722,3.492991927424794,0.0,8.089579973093716,4.484729711476647,5.750421398453178,3.5689900369752405,2.398436978891546,2.4753534927061827,8.979681502940267,2.473726495074769,5.234199487014522,6.869612547127579,4.498801592294946,3.326572010807897,6.6197793655242005,6.512020155115977,4.1842247665956265,10.132679529402129,3.843301631651386,4.465586668920376,4.323108102476065,0.46098778754464426,7.862469014996017,6.87406595988174,10.960114640644036,1.4682663284924735,4.063013595872853,4.940814743869473,5.903950458572578,1.9876770666586263,8.81465933060739,4.661833064889259,6.099841252965958,1.4710526153510481,3.2933302133209,6.0140980431831075,5.842282790126681,1.1560033603977815,0.9512233225495947,7.938471602387404,5.896429558360723,3.6411414874341648,4.6440723525478695,1.3037066437647693,7.222637792564833,9.399684118202241,6.786031007423983,5.455186257394432,7.999863692788518,6.590462692325479,6.511702960737856,9.426919629634009,7.250272661249181,3.9618473937607277,9.611784739065012,8.026792640028008,7.740825443337557,9.13904295955134,2.3922821088569415,6.186716489818222,5.753775929205959,3.822427045423702,7.075427733012526,6.178303819563493,1.674133076171321,4.9486605257366545,2.5379836363924975,7.165949895158706,2.0012552885345958,2.5457359523609315,7.066092815454558,8.472928428923073,6.4741160673349984,7.076381393727197,6.240788364247288,8.655821888770033,3.099750823839311,3.897818869500921,3.0096314243218734,1.2846309900400708,7.437022211504525,5.623862048952275,4.162603872396774,5.89020624013043,5.0496856021427305,5.298815587286943,6.690396796307443,7.175263757373006,7.102267144713734,6.926216538366275,7.447997254405785
Charleville-Mézières,5.753571835512733,1.1828478670723226,5.35484900807062,9.271884719955198,8.502141824887723,10.14591963449376,8.089579973093716,0.0,11.461166018148738,2.4620704856901345,10.851939519159485,9.01709545317672,10.423184940843639,5.390016655021905,8.164098778781389,8.246183227467702,8.56552272068759,4.97591486494381,7.907738351705818,13.385177119008267,12.513859048952272,3.9486036319294637,8.111655139805713,6.540919503058403,8.546161884495822,4.29972605572769,7.77291265501457,3.9128216997239096,4.006385392949477,9.728286923476839,9.538902158792022,10.538080631121023,10.834134026725994,9.794300702257035,9.936793569456198,7.245504450383168,5.748655626247972,5.732986616786592,7.441676004519826,5.054339367220471,11.042434342039398,5.015516306279131,6.966942785085184,7.647281563358546,7.8288988737348175,4.220509406925583,9.266514201137928,10.004136451433979,8.54072002894486,6.69966782967284,6.152245404028218,1.3579762978713803,2.7032859963220175,6.400105285042473,2.31809916704718,1.672184846455142,8.614094985795312,1.849599868731536,4.763763492281134,2.1926911472830515,2.7969386240329643,5.316114914225871,2.1668642182245272,6.651149712539013,11.815823223311547,11.68042353774243,11.537880423539786,3.7232977717546136,3.8930145155849036,6.4371273274636485,3.773102022373742,5.565005704566713,5.545936196223355,6.8807618151779835,6.402566370274393,2.8785597426599634,3.80097536444469,2.9278514813910967,3.1225536270447973,7.844194110327621,2.5087016059748923,9.797937173517747,9.94666709468198,10.759605407416887,9.351532450000965,8.243077614848191,6.9428248775802635,7.339188339313224,3.1490479159722966,3.39184173055226,4.113092208052488,3.0105832539881456,2.9823034598524965,2.7474019827635767,2.844969320930663,3.016334642626047
Foix,6.650179603554747,10.833957357254553,6.112835941529975,5.688120108527228,5.7865680337467325,6.719435064941538,4.484729711476647,11.461166018148738,0.0,9.001994150686281,0.9599608617588156,2.4937453338901863,4.445108150699097,10.227198616421106,3.2971998132004767,4.622557073529062,6.023810026148851,6.67357526696672,3.7037360056079085,8.616793926241145,9.247205613390422,8.00718231081225,10.167340996631635,5.159835316958948,3.708630236395428,8.495289456920245,4.943856568658396,9.751210040723521,8.802666992144937,10.31646617879067,3.507250419491207,1.045030422588229,1.6181318446694613,3.9300830626179266,2.852227591003668,9.060481059930392,6.179619414999574,7.190278490797559,5.944235554911266,7.464414503735953,2.8705947685579094,7.429840387919045,5.104549782084159,4.252675227786337,7.712952712032719,7.9385535331275685,2.3911207060377495,2.2986895816021904,3.3262451643237587,7.638024884910735,10.325972792919197,10.105061602592249,9.17069808152991,8.624435710331841,10.526406607888728,10.136067429038315,9.004921712496284,11.11702743201808,6.703886705217814,12.413563264739928,10.39878626793054,8.941066369007343,11.838756830837818,4.8276416311506685,2.3752620062369543,1.8421861767848986,1.5795148417351221,11.331812557822932,10.453461410707117,5.828237934304937,9.0732907946858,6.510175332527318,8.252481995642329,6.482847552280131,7.008241772954747,9.50155712222278,10.421374691372273,9.033353508630036,9.398204514692882,5.891318358760667,11.158801815781395,1.6727888991484186,1.717761841125007,5.080373923520615,4.0531585939697345,6.880887686555229,5.984041945582443,4.6248150699630335,9.979757153969066,8.074579170150816,9.568917184586907,9.146717104430696,9.544819873878092,9.590247247072654,9.405410606516881,9.765701399154661
Troyes,3.5866305164510406,2.0896471747597185,2.8928887390199964,7.16806085890207,6.400362187896025,8.196672305826393,5.750421398453178,2.4620704856901345,9.001994150686281,0.0,8.390759956859053,6.555081754958735,8.160491393334695,4.916716980898419,5.704840353502995,6.037919750486737,6.650518133429763,2.66336401563675,5.487234356596147,11.522528948038229,10.835065371794387,1.8815551929007799,7.297971532097146,4.175426878660643,6.213181942849671,2.706271945466589,5.477848911013291,3.314892287249119,2.7681071775499047,8.765785187473186,7.1705054635743535,8.088339300631022,8.421823121625492,7.564509649846113,7.529630880207408,6.161240347902959,3.5174514035911097,3.9260721717749383,5.313171493395595,3.0618534392531793,8.717627129953264,3.1593016004096115,4.603217644830539,5.230560446115853,6.317526987468158,2.407294612782639,6.835016569411305,7.613159303154748,6.102791724551612,5.154481598767729,5.628067865452249,1.1041541070393328,1.1785300018549794,5.199348125260181,2.333650082137073,1.383333822140894,7.416644929524331,2.589569750530156,2.319147390528876,3.892991902187804,2.7830070106546807,4.253133632083925,3.478366863114177,4.189114545889142,9.446615408620858,9.281307296486625,9.089787241808835,3.943991448754788,3.5336285972178825,4.152745922484015,2.48591932800851,3.3000133901628033,4.176795364395828,4.8327719453177265,4.458633218772744,2.039876096986161,3.6419343186890236,1.556978128482966,2.2214233354918056,5.869157431087354,3.1716460313057553,7.3369888169750235,7.5077298983209175,8.564139167328085,7.0308320121676315,6.5158266819827535,4.904256031742981,5.011939459684471,2.54836392948349,0.9652587084734219,3.1813680791154417,1.819084965381817,2.2023935810005404,1.9819599941799806,1.8948892044960053,2.4438520555820995
Carcassonne,5.8189652582310964,10.297571644388125,5.502033648323427,4.73207207637049,4.828113972610887,5.787268173392566,3.5689900369752405,10.851939519159485,0.9599608617588156,8.390759956859053,0.0,1.8433109434102606,3.5362800600131292,10.05209838553376,2.753519665944042,4.64974366366202,6.193688314603175,6.212850475754456,3.366065777602129,7.836016869028374,8.385870049533498,7.266285966090033,10.251822527967585,4.78234471343092,3.678943093888636,7.68404784074152,4.029875804829843,9.432583254991345,8.45656834651256,10.551136202585424,2.547316929461033,1.2285968367546916,2.170763693734231,4.271096237170056,1.8939107587282649,9.077774017362605,5.827112593948052,6.971779743919749,5.015671744864975,6.645226204765286,3.4899127557198275,7.115820353026374,4.273542535609281,3.431311385507962,7.800258855970374,7.547444060154693,2.2452902466333753,2.564436223980237,2.4838426935566114,7.580816824655396,10.22100596355879,9.494197418407794,8.465886187030899,8.549377112804637,9.783613718723036,9.460275794099234,9.167713369600468,10.393918962693064,6.136121678874263,11.936355729683116,9.989847127786344,8.750442435525834,11.378081513772372,4.204017775984722,3.183262755587878,2.658073479264876,1.0476892616977058,10.510442859327053,9.624267140036551,4.989575903229416,8.277067671707245,5.716653613437926,8.068698023160705,5.5702312008140105,6.108238890320438,9.065117414354196,10.10150068019108,8.563010569330828,8.983302643820867,5.936788896264955,10.732426971607653,1.1719754207709339,1.7342496920259558,4.194692737798242,3.0933223211059007,7.016612575587395,5.870608301886857,4.388234125691806,9.197233620445495,7.491703993827523,8.738229199352315,8.699520098972556,9.122720254096903,9.144522739858589,8.958283082413276,9.358129699073887
Rodez,4.225273225063424,8.45441403152345,3.663315885659554,4.233860746050852,4.031126021816409,5.518407356622857,2.398436978891546,9.01709545317672,2.4937453338901863,6.555081754958735,1.8433109434102606,0.0,3.6528317947300075,8.411361122690504,0.9387644812674706,3.4478223547697384,5.118571621391938,4.392438336167045,1.7376895706140294,8.207445428252173,8.431802055993705,5.514419896883905,8.922741430281823,3.0329711432309256,2.5035847029856932,6.036092481625187,2.8090026595445163,7.675238239536135,6.686095072783907,9.448272123428902,2.217175385384213,1.7721642525264485,2.5604279228575884,3.691634747278525,1.9155357616631694,7.674855203046013,4.077499077604966,5.32570446082657,3.835006638736466,5.0179481443367235,3.621190447248655,5.379759308065551,2.704627038625218,1.8653014794309468,6.526847762389615,5.754547320100091,1.311023823563225,2.2649279796180872,1.0950451769808982,6.110160358596652,8.651979383321507,7.659119353344473,6.679253609371691,7.036958572831188,8.03311960720768,7.653482865109503,7.976114919308988,8.62367050731528,4.292839354870863,10.100123705004192,8.178796443183057,7.107070654950409,9.546298925673241,2.3659757734797306,3.809233819552083,3.4048337502410044,2.6779707084999673,8.874660510412172,8.006150715741338,3.426151605542432,6.600625364744761,4.044680696299997,6.440891397663847,4.270944269732748,4.7342148174427665,7.2447380546553,8.340099438158722,6.732035543921005,7.172213322183402,4.6721513179244205,8.9126921172745,0.8363480027766359,1.5023709332560429,4.359786437565193,2.650100844697989,5.845724281061967,4.378948899928479,2.81020942569152,7.497718279199418,5.649983869109476,7.125945333644433,6.875920623206304,7.308064306276086,7.320505701170304,7.134145207423243,7.549328422150184
Marseille,4.673612544448204,10.248851964865556,5.739636713268202,1.6253566943824487,2.1865764246822663,2.3040638656553862,2.4753534927061827,10.423184940843639,4.445108150699097,8.160491393334695,3.5362800600131292,3.6528317947300075,0.0,11.39573520145992,4.269318461757843,7.064480273887425,8.74296606577828,6.944821132902267,5.211231882332264,4.5547216650743545,4.888249911267675,6.475413321280245,12.351687986530914,6.102461465375037,6.146968803591019,6.372798560937107,2.684837078801769,10.326900521852606,9.33391764794717,13.021601106741041,1.4607424530217574,4.6038155527302775,5.603589917801898,7.295839463797761,1.812315785397038,11.055037146378725,7.01889321377638,8.436090023789225,3.064413944945464,5.42799395089747,6.892894522108611,8.250945366385285,3.620699971931661,3.2848450528919613,10.040369784642532,8.354458771972105,4.909805790083732,5.7034983719676084,2.920199967074264,9.45822774996417,11.776903728220955,9.159156089067773,7.736341354828307,10.300487157332316,8.7125113990727,8.79517902894554,11.517777973820731,9.393672844967504,6.4362270248215525,12.044501599432387,10.500741925143418,10.133871383947309,11.587413074582368,4.763740910355818,6.70868288945887,6.18926629057246,3.061199219577741,8.880753063839247,7.997181157739413,4.009417405073415,7.0024198566502305,4.873778803570013,9.530503982869174,3.6949672576647195,4.268341045028307,9.540644357823615,10.943074559935328,8.947375760171008,9.551706051916026,8.232200709978855,11.122628288203297,3.881178888843788,4.806517761213153,0.7098540072133622,1.2355745943633425,9.427136707269078,7.775795797823346,6.218516622197943,7.925810424985391,7.505956886637974,7.17212631720313,9.165272532804355,9.650472854475522,9.5755515402153,9.400200609604385,9.923325017996683
Caen,7.707827691773006,4.221015567406914,5.792502612232713,10.943093680684601,10.254424437793324,12.19541670041089,8.979681502940267,5.390016655021905,10.227198616421106,4.916716980898419,10.05209838553376,8.411361122690504,11.39573520145992,0.0,7.497423794701191,5.703650549340546,4.928244398850782,4.49481623505125,6.707371976360722,15.50394071929091,15.104153830225654,6.511049769193619,2.749805899186602,5.409719472077032,6.53228058518297,7.519776745173706,8.925632331341829,1.618820729042559,2.2965976797272765,4.393939199315567,10.048437714739636,9.182513984633545,8.955833092022516,6.982471427795444,10.10661975728202,2.2033141958412448,4.406017749606022,3.088171622667433,9.236879489476246,7.538968819062727,8.502567589913234,3.144798508167197,7.933855388957107,8.111718056294187,3.4009873163391426,3.178777647766571,7.860680200272936,8.071851792392652,8.611845173278114,2.756513507445473,0.7640192003503905,4.994777188736081,6.092696510511384,1.8373822183839292,6.957398773922585,5.865911092248328,3.5337367118505387,6.875406032871132,5.173452406674708,4.237368777968981,2.597118299010619,1.3048302157933833,3.720504818286091,6.632330790478548,9.457018023772816,9.56951449363066,11.0334112027911,8.630849485732512,8.388810202176987,7.876046101196556,7.391691997534744,7.267191647054308,1.9834951373537053,8.970516235052157,8.796821517835548,2.9133145962415883,1.5938279309874384,3.3638362337595664,2.703937870467097,4.5931068415708,3.010402219922499,8.885333735589022,8.510746092504586,11.982804456460732,10.160162562971124,4.193390476511301,4.250133927193123,5.664079320505668,7.408221368190883,4.749409370161907,8.098082574705515,3.0979333377513356,2.7521967531349705,3.0028712044226205,3.0435679300342593,2.56570341657295
Aurillac,3.741148214575642,7.559351549295152,2.817700161628973,4.544752400009414,4.188171469235711,5.882193021014668,2.473726495074769,8.164098778781389,3.2971998132004767,5.704840353502995,2.753519665944042,0.9387644812674706,4.269318461757843,7.497423794701191,0.0,2.830642840673347,4.503020207630859,3.4616196482126043,0.9420255445472223,8.784308169687291,8.870395328360411,4.8126821411009,8.12712544889262,2.101286630757628,1.9983597893569693,5.4483776218176265,2.783579431379315,6.737225668932668,5.747448732434227,8.752293225574421,2.809970668102467,2.414797297733102,2.9647035953244187,3.4430484866433453,2.6789421673735374,6.854370678110412,3.142791100891956,4.41842344482944,3.744905641437206,4.47260725695524,3.765205287076509,4.445897286864877,2.3488430056647425,1.647743918355487,5.777750980552756,4.816444088392354,1.3788282155783165,2.392443018555889,1.3717558705021096,5.271244680098779,7.760885036902241,6.8078639296422745,5.918653445124135,6.173491926818982,7.311709193754992,6.8574319713461955,7.2506683135817855,7.875027703245558,3.410876318750155,9.183653535177385,7.244926712938583,6.19485145912724,8.624562218603078,1.5475603927670445,4.170096324333232,3.8528036772847822,3.6166302495614477,8.268736904089748,7.424166231645125,3.015909401478726,5.9748224349987495,3.477225949464986,5.535713534445228,4.0596567303593,4.438546922290661,6.314603895272853,7.40171360573393,5.809491544700973,6.238175542094923,3.9633535523360313,7.98245319281016,1.638497556669359,1.919531697462082,4.955684890602223,3.130287012318329,5.160074324381226,3.5518117429934324,1.9749039374554969,6.838008346678267,4.779442517878545,6.558976221526668,5.947578655520557,6.375336835416839,6.392486217487377,6.206179817503169,6.614652853463415
Angoulême,5.72730629054548,7.318685549219332,3.827575703246733,7.352625912348225,6.933245051600115,8.697721301159733,5.234199487014522,8.246183227467702,4.622557073529062,6.037919750486737,4.64974366366202,3.4478223547697384,7.064480273887425,5.703650549340546,2.830642840673347,0.0,1.67862056474185,3.3821588531972466,1.9131200166472693,11.602894935350214,11.6964978796726,6.027452340413952,5.602115033623573,2.0861029544989487,0.9799126913830929,6.970905330079946,5.4685406314110665,5.530044640920311,4.717209646235047,6.005638010268543,5.605682137174563,3.598929677257617,3.2553129561760636,1.5489648526381727,5.363331446398032,4.445695043867222,2.52319869763391,2.8614661233250276,6.315194576205273,6.2204594629056045,2.9252590589156595,3.369193542408949,4.766354306367447,4.3159964940549616,3.152967160799352,4.0965904582894925,2.416573619627069,2.3812356337868246,4.2010456044278195,3.0283301647473935,5.730266207986712,7.0111690196340675,6.743334062079191,4.018756494789861,8.189535764484113,7.405785265952159,4.556208672448049,8.58867605947147,3.965457399363073,8.576938630568119,6.418027959781759,4.4657019047415725,7.966729397700192,3.2887464112870886,3.830925441533151,3.8832053666297117,5.692539150569994,9.528423802713093,8.810118407262276,5.24602116021857,7.327292930444754,5.3151720572072785,3.7859533040413487,6.469913463264342,6.69723751268467,5.67717648879708,6.176459546755891,5.3861844034260775,5.502173546752714,1.287175274889565,7.198693751927232,3.575343805828796,2.9534706238380637,7.761853008511375,5.956953867582647,2.408440679025751,1.5071040924412737,1.2697383868929981,7.999269578492768,5.100442132061146,8.04888890606322,5.394184892339782,5.6639184367630495,5.79424558826799,5.629857628029008,5.81778608530526
La Rochelle,7.088832718557441,7.50489485187042,5.012052381445177,9.001574994327402,8.551527080187215,10.349936562883542,6.869612547127579,8.56552272068759,6.023810026148851,6.650518133429763,6.193688314603175,5.118571621391938,8.74296606577828,4.928244398850782,4.503020207630859,1.67862056474185,0.0,4.18576702567798,3.5737584518074352,13.280919067110467,13.356756795078804,7.064209019611412,4.168843458774298,3.3603570977797004,2.621237138223217,8.087865726385555,7.075251474490914,5.235969257483043,4.660471114799414,4.367387213311951,7.284299819766308,5.0565710028156765,4.495176107917614,2.218813198789255,7.033389620588207,3.1953180156836063,3.3110414584416574,2.8326051538917567,7.86934868822532,7.467807921386803,3.7200706026228127,3.5637414450504674,6.307057816448632,5.93546318609808,1.756349618971237,4.364086519190647,4.016418010419225,3.7255893744180577,5.874678947215989,2.206508156664726,4.748241310235574,7.4752537006539805,7.550173180629594,3.0958741378919634,8.942712078203682,8.030040962497909,2.98411647065202,9.238564647126259,4.945279084279744,8.462144399219389,6.303077902228393,3.8895101985776623,7.8522323231180255,4.7703742943669285,4.687059255381996,4.905965559845613,7.24126430298568,10.423926331363193,9.79107561795784,6.711899932174839,8.351221576458247,6.645335513632666,3.3140265504713797,7.961741383797412,8.126116061106714,5.760663178283577,5.80421634931454,5.638838870747973,5.541280901964696,0.8073218876321319,7.05120421297477,5.182584615486352,4.461722391019251,9.440463482713577,7.63232508112181,0.8742928944413342,1.7847461536033349,2.743050170774297,8.902239276558964,5.80544264507738,9.106118108106598,5.564657276760044,5.700614214984894,5.890137634230083,5.757931629942589,5.78093158262654
Bourges,3.418840347042765,4.197025818160652,1.3172443049810838,6.451969022194589,5.775960878633446,7.720517941322065,4.498801592294946,4.97591486494381,6.67357526696672,2.66336401563675,6.212850475754456,4.392438336167045,6.944821132902267,4.49481623505125,3.4616196482126043,3.3821588531972466,4.18576702567798,0.0,2.996860935706576,11.014050925925579,10.667304470585265,2.908817495570296,6.026726052926626,1.573758136692152,3.573546008189069,3.966591299155531,4.430908570976639,3.4005204991759763,2.3994995557662335,7.192975264140585,5.658880111257092,5.687571808197531,5.883822135380582,4.9017884433705845,5.817411319444498,4.716977552876772,0.8901859996113747,1.9313089916582897,4.7888045667685954,3.5247620476033226,6.0755288844239885,1.4130630535842703,3.4390768186963374,3.6682595056633196,4.323094303139967,1.4218334644393449,4.362997790688714,5.037119883070596,4.297088498647526,3.2749223672096095,4.967950570676598,3.6794007123791914,3.3973905021857767,3.7829652834681573,4.8277179926773535,4.024205295704743,5.6868184540685025,5.207377977255593,0.8489956880719982,5.7408269824516225,3.7881338366630555,3.3004674216459207,5.171364031621541,2.228585542569662,6.840082012444953,6.7154824189030355,7.06239640111247,6.248169832560072,5.605647687411945,3.427359270235426,4.176977171388435,2.9504054004737963,2.8098397513595392,4.600659309726098,4.539952882604617,2.8529912687584646,4.040200303236924,2.3602212857534193,2.782486337072451,3.3795442127199946,4.5208875963708035,5.072062271276651,5.057706688265697,7.508062652916389,5.712809103842374,4.251829228637873,2.401300884455879,2.366506009150395,4.721654170847348,1.7183303995414658,4.938872311312524,2.4867338844968585,2.9161269578860884,2.9317584874208826,2.745573471122812,3.1610340146645495
Tulle,4.157519315869486,7.189761814052741,2.7234416494770546,5.439586705612086,5.032966246873132,6.784657499876257,3.326572010807897,7.907738351705818,3.7037360056079085,5.487234356596147,3.366065777602129,1.7376895706140294,5.211231882332264,6.707371976360722,0.9420255445472223,1.9131200166472693,3.5737584518074352,2.996860935706576,0.0,9.723536660284985,9.785432844601196,4.9071177352843005,7.205431259766828,1.456458559040406,1.1918801403316863,5.687689336626501,3.5819514606737526,6.076562129130339,5.111925023376683,7.810376052697962,3.7515522697442596,2.6967447909746074,2.93502233996312,2.7506735204726116,3.594724716860026,5.944997043447609,2.481421384880426,3.6197036719507296,4.476383967791298,4.7918878512085294,3.409137113340361,3.7552267744040226,2.968816196479038,2.424574156099643,4.840367986248998,4.235067253621136,1.367105198245541,2.155894544898199,2.308838214427658,4.37407494644511,6.923231302665769,6.570473508096264,5.886000549148043,5.299605192151179,7.324037268765592,6.7415279597133235,6.310435560506403,7.83442552992417,3.1731544925423316,8.722731386119627,6.695060060913473,5.402832527217119,8.142386140493148,1.6952989716476803,4.009153381207204,3.801507076590302,4.327114034626428,8.43895658102742,7.6356229117828205,3.542626938459359,6.152175982173728,3.8122744351189506,4.728117964231907,4.702652754162351,5.005524894529114,5.80120625538607,6.746593424607275,5.3471798115955,5.694740952703963,3.0213397694230273,7.4556923117579625,2.1941001815185706,2.0608466227579396,5.897512811072233,4.067604392599421,4.218465094016711,2.64429810285877,1.072533532794375,6.952284152790915,4.527727545955703,6.80225743954128,5.450002734919299,5.841944565281096,5.89224739137173,5.708169128847873,6.061966509632489
Ajaccio,7.987287030515069,13.54329900222789,9.711545696503515,4.5621403473494535,5.258561756494751,3.34395142092391,6.6197793655242005,13.385177119008267,8.616793926241145,11.522528948038229,7.836016869028374,8.207445428252173,4.5547216650743545,15.50394071929091,8.784308169687291,11.602894935350214,13.280919067110467,11.014050925925579,9.723536660284985,0.0,1.5088615940313348,9.649683512630808,16.749381099054588,10.45770773936567,10.697554389466598,9.088316854136384,6.598560740407206,14.24500652656021,13.298272715184321,17.516584987851303,6.0022822925154795,9.01330911837599,9.997171694114533,11.834942782298551,6.342060546926362,15.433329077359966,11.271008882446546,12.711194792930456,6.313701413445627,8.467214835227528,11.3129768570853,12.403637873057523,7.581035672527749,7.558200692977382,14.510449229426616,12.34630710153761,9.45738754035293,10.207144232353196,7.414746702011458,13.839499066032298,15.973212068189598,12.326412405116786,10.748928274764417,14.616758586457218,11.252765494672571,11.719632122733627,15.996712787809024,11.916380088912662,10.347516877252446,15.334306370133305,14.176982728772554,14.306164064799354,14.983701402846576,9.00918281293395,10.985514105605409,10.45253608767688,7.049496026002218,10.745071689818834,10.016788284856661,7.651752555723456,9.620592129385265,8.364182560484897,13.759441605840637,6.705790691839095,7.068480826665805,13.258820899780433,14.799507174772943,12.653926591888856,13.326469352516662,12.739612915191145,14.678945064299445,8.39237803664409,9.30468640821171,3.848154738448452,5.656660126991134,13.939598475224367,12.21134044719919,10.690067807089592,10.375529477545882,11.117988249573214,9.42997927937799,12.905247662448476,13.393467515288542,13.262969532163321,13.107538552736173,13.671122942635884
Bastia,7.428225687589842,12.785513143916212,9.35007660979333,4.36877788453638,4.929105754979462,3.020159289836097,6.512020155115977,12.513859048952272,9.247205613390422,10.835065371794387,8.385870049533498,8.431802055993705,4.888249911267675,15.104153830225654,8.870395328360411,11.6964978796726,13.356756795078804,10.667304470585265,9.785432844601196,1.5088615940313348,0.0,8.954709895947227,16.572444242953235,10.323018491449206,10.849696451360597,8.265503655352747,6.386149695792733,13.750865677723732,12.844477796588887,17.465951082006736,6.227000562310785,9.489848438570634,10.489171021967993,12.120876021520322,6.691534205757205,15.24732579485247,11.03669912630073,12.467596587021694,5.878882684225424,7.7820742723836815,11.78114434849069,12.078276432817324,7.314366454475643,7.462018139176645,14.442374228885352,11.925488474163433,9.730108545135034,10.575093000402434,7.510128322483289,13.673522769961794,15.62823213981208,11.547163432750095,9.958481598821379,14.381179334835092,10.299886335383858,10.872432789480364,15.92955284734159,10.941677951371654,9.934039755588413,14.546196934410672,13.565139994127232,13.963978516888698,14.241406826079773,8.832334379923992,11.569131512432927,11.042977767149885,7.734607027388688,9.627782389625727,8.959662730600526,7.2417106770695705,8.744754928576935,7.849184083950912,13.465059371465095,6.14557465437587,6.403690203440125,12.682043678798479,14.265022514181682,12.08363150013728,12.775092992348052,12.749649228643671,14.00658952933481,8.756465063837707,9.684202708867293,4.199236902741232,5.785967232273702,13.947607914061185,12.125162164958493,10.672695420912078,9.422747682259446,10.542905381981173,8.45772850468199,12.345349000282047,12.825801236590763,12.672014550321087,12.528609478872095,13.100827891798266
Dijon,1.8054549285729342,3.9044913364317604,2.2310972042416,5.358028400770856,4.586616616271435,6.333803490225787,4.1842247665956265,3.9486036319294637,8.00718231081225,1.8815551929007799,7.266285966090033,5.514419896883905,6.475413321280245,6.511049769193619,4.8126821411009,6.027452340413952,7.064209019611412,2.908817495570296,4.9071177352843005,9.649683512630808,8.954709895947227,0.0,8.61379710076119,3.948901372551841,5.898668426103248,1.079571134190084,3.8406759129342825,4.984918847211468,4.2286683387586,9.938716196382133,5.649481157241114,7.214812624583888,7.745014647280585,7.421537804305327,6.102734243904153,7.36811028483259,3.7565111984414417,4.735907667167832,3.510413851287738,1.1827998011343048,8.311846587068011,4.045701793477057,3.1099522408795712,3.879467146138211,7.1873215232992695,3.5166123048714697,6.12302680138542,7.046170666454722,4.821299193986435,6.0832248238779885,7.163195660870617,2.724146263180728,1.2716701369598655,6.394140276267519,2.519939831047314,2.3308171914283093,8.48005509688467,3.1313075331337523,2.1192542813996025,5.7079863910648685,4.629180340958106,5.618495999390701,5.3351565266402465,3.2886152649354976,8.894780711761806,8.633184847127781,7.815201062455512,3.541331806707771,2.783924855757734,2.512707528768864,1.3008724942075276,1.6469677989716447,5.349846884436208,2.985730298934913,2.581565733240524,3.7952796584673814,5.410561686523396,3.223505845813411,3.9275864983653896,6.257304809226988,5.052901774419308,6.345268368191993,6.727081921344971,6.81674762892121,5.423964791834221,7.16033757982973,5.2892405658906165,4.808165728081814,2.04562014004742,1.7652131497262085,2.042886277435179,3.4957001350821724,3.9496505685684293,3.766093358884788,3.6419843107135277,4.21505077002421
