,Bourg-en-Bresse,Laon,Moulins,Digne-les-Bains,Gap,Nice,Privas,Charleville-Mézières,Foix,Troyes,Carcassonne,Rodez,Marseille,Caen,Aurillac,Angoulême,La Rochelle,Bourges,Tulle,Ajaccio,Bastia,Dijon,Saint-Brieuc,Guéret,Périgueux,Besançon,Valence,Évreux,Chartres,Quimper,Nîmes,Toulouse,Auch,Bordeaux,Montpellier,Rennes,Châteauroux,Tours,Grenoble,Lons-le-Saunier,Mont-de-Marsan,Blois,Saint-Étienne,Le Puy-en-Velay,Nantes,Orléans,Cahors,Agen,Mende,Angers,Saint-Lô,Châlons-en-Champagne,Chaumont,Laval,Nancy,Bar-le-Duc,Vannes,Metz,Nevers,Lille,Beauvais,Alençon,Arras,Clermont-Ferrand,Pau,Tarbes,Perpignan,Strasbourg,Colmar,Lyon,Vesoul,Mâcon,Le Mans,Chambéry,Annecy,Paris,Rouen,Melun,Versailles,Niort,Amiens,Albi,Montauban,Toulon,Avignon,La Roche-sur-Yon,Poitiers,Limoges,Épinal,Auxerre,Belfort,Évry,Nanterre,Bobigny,Créteil,Cergy
Bourg-en-Bresse,0.0,32.82626825433586,12.607804537624702,20.75971868609521,16.30849008026694,26.92285031166373,14.281676948114312,33.34770235863179,38.54444098220331,20.78811047335023,33.726722636707436,24.489683612467605,27.088258307621786,44.674569301516335,21.683695051680417,33.19546726000159,41.086874436758926,19.815598651459865,24.096981954779537,46.294315628865334,43.053996085270725,10.464416766008727,54.74426722540136,21.622817300256003,30.785181305620036,10.884588183965919,12.038551438399693,36.646919620110744,31.461139178567535,61.336747163933154,22.766871108742393,34.74585307707878,38.749909280760484,39.92668397975737,25.730720521527015,47.153014473593636,23.338905314570592,30.947322812664407,10.007984043408745,4.84941346374219,43.369647104531936,27.87553626027323,8.96679717284734,13.896518554958448,44.27119495826942,26.300162105515305,29.674802904726068,35.50550236345383,19.3366384331794,38.613213164872434,47.95526519779553,26.18156889772645,17.751780331844014,41.72991117102351,23.925771943715446,23.89103761616394,52.50514472030394,27.774079465735362,15.078140690927123,43.30268671587036,35.87579349507915,38.432603113186715,40.94483789475921,14.39020182449583,45.83053551054983,43.85461481080752,36.12607739021886,27.192239959804045,22.06080014580675,4.818528079785677,14.45338195987406,2.726107068465698,35.9786436798359,7.46820922812546,6.498060641763954,30.586430013760086,39.657343032096335,27.089039378696096,31.046214598220246,36.621956302881905,38.86256367237917,29.29774184855142,32.56536275830774,29.056681191048714,21.181433088727378,42.881385088677554,31.55372390595241,25.849117888675192,19.897713845694348,18.162664511291602,16.927210970290293,28.57462021491203,31.38787579647362,30.588832383751544,29.70446892753119,32.99308038015984
Laon,32.82626825433586,0.0,27.958439420187627,53.57919836336608,49.117839598718355,59.33351496887344,45.375084001904106,6.8557862375511816,62.79361684264739,12.111595024907327,59.68472525087356,49.00178372670992,59.402345988360764,24.465006228690477,43.8140015797147,42.419101443275245,43.49837056144095,24.325961642059138,41.67185947424968,78.49696101691285,74.10483418213836,22.63043178595848,40.182510538390574,33.429218055501046,44.68472348262475,26.24365378243342,43.84766887149266,15.823322573658324,16.69335132621916,49.53529484114779,53.52000529542457,57.20270337171758,58.40516776691258,51.38417676386919,55.44151842584278,35.15160716702957,28.29756041375557,27.12747552951678,42.829761553551954,29.453782373649847,58.990960123581246,23.185253004476113,38.698727281984546,42.119291362658245,38.73588838687995,18.714317625931084,49.59550696222067,53.43945886923167,46.98105361756813,32.2784602079176,28.890924561295215,7.224707854803335,16.404524748511562,30.30667877006086,17.579727529667657,11.91212971627708,43.09533125276702,16.02284324760201,24.131499490037648,10.476539206260991,9.41221451380563,24.008383399978793,8.456130715968659,35.41422557790037,63.715211256431516,63.16215609467443,64.08877019058646,26.809360736783,26.733169080223146,36.17939135355305,23.8613199768049,31.235118554784346,25.513823435650604,39.922904842399916,37.54561763849322,10.161138792894619,15.30552123212948,11.200790939144957,11.51905576499927,39.47954131501187,8.53087622358114,53.302101250746176,53.60949762747944,61.74477204064371,52.81034926185848,41.351126225181936,34.47389541228951,37.749202136967426,21.60049588589701,16.443126305499927,26.815584332824073,11.30287202136072,10.650993045543848,9.399823063151487,10.125399905652749,10.690932402058271
Moulins,12.607804537624702,27.958439420187627,0.0,29.859023539852455,25.876225568419354,37.14114381889997,18.939467843519257,31.03670485077731,35.42999711710774,16.767183131359896,31.88978702568258,21.232578873282772,33.26693439010249,33.573345140500805,16.331390136801527,22.184628776018062,29.04985560285624,7.634747991670361,15.785067800369008,56.28811885693437,54.19304403036213,12.931439395784313,42.375789317689346,10.094562889549026,21.266616202749134,18.219048982630177,18.273220029629226,26.655091075789745,20.969769310666443,48.75008782637828,26.29124382155863,30.24651901050446,32.63232478940404,30.093310071106234,27.749242952911374,34.73305760229787,10.73464591187648,18.471972829207104,20.121280377391592,14.235155952452576,35.38366337852749,15.819269116452656,12.518496528253774,14.632446054348248,31.66893079765602,15.344445041761334,23.26825731068179,28.278503804418158,19.105695989499793,26.043811242339675,36.41462731421153,23.16679927676236,18.340108808495685,29.4267225616403,26.665528883595577,23.49619729551222,39.90405154878452,29.65900849278409,4.084229207550802,37.85226288143192,27.768947459383597,26.754594979026393,34.83646967285688,7.523341630545783,39.02116346476682,37.728181067197596,36.133482707197224,33.44408104362369,29.03341660908747,12.233167901393625,20.396665248132162,9.89167172110095,23.89483640948299,19.128765845633588,19.04710628095057,22.187310524906582,30.1699068614396,18.84736143960387,22.146714376692714,24.458223550662474,31.633122071212224,25.764701185217252,27.03256028109558,36.336014957652814,26.212166296952816,30.44631189459017,19.15263327170508,14.991182659095045,24.689719294249397,11.559843844813042,24.492674987167508,19.99531916645253,22.764687390182313,22.463198141580904,21.413262055628337,24.322944726483357
Digne-les-Bains,20.75971868609521,53.57919836336608,29.859023539852455,0.0,4.471381905132759,7.825737012276356,12.4223987977939,53.739843836860324,32.96834414902381,41.54608073819639,27.427089754643358,24.53945688411074,9.420567400640671,63.42617097324794,26.34138491045456,42.61581978797031,52.173128667121624,37.39561245263984,31.52784454572765,26.442165453237433,25.321436618772854,31.055132610867876,70.95663599459021,34.58605901829197,37.911106295464954,29.319331842308294,11.869688598716504,56.27464579916493,50.71877142174309,75.92900743197747,12.792059121318767,32.48614418835808,38.13768570619155,45.79289702695081,16.45674616305427,63.29216571087374,39.00192754293044,47.34519703070449,10.75175793337867,24.4463460614566,45.14112557923283,45.456175667847795,17.508854598322962,17.929137546010555,58.40873513438312,45.16241426989938,32.12994535292241,37.54762753167302,18.65266881683974,54.10636398093914,66.14486650684516,46.84417889851771,38.07691300516025,58.42265413190928,42.82385831480254,44.10040105602994,67.03311274183294,46.799179277999826,33.598891095802806,64.05551291667635,56.29468504823766,56.480646012401714,61.69753230965575,26.01033981136696,45.066909838304845,42.224168158713354,26.05179193490171,42.8353348527083,37.815186881843786,18.09721563909004,32.8659545046799,22.592988612922056,53.34727342995989,13.863093744427145,16.836555205548994,50.85637795239589,59.586541082762395,47.349970160986295,51.14616888308061,48.58651433479716,59.4962750664342,27.410453384872387,32.65785975062152,9.247397741505102,9.664699409028879,55.524489406679415,44.98308925126811,36.54390936525495,38.025158354962315,38.5609082826787,33.2603544255218,48.75311724476907,51.59421785864704,50.94165901911914,49.99516263386772,53.20354745793616
Gap,16.30849008026694,49.117839598718355,25.876225568419354,4.471381905132759,0.0,11.272086535628901,9.937978165849573,49.278414017049236,33.53894832359606,37.09649924104536,27.983748585252695,23.364406422447903,12.673396957458415,59.43464404145009,24.27464183569018,40.18508831907426,49.56465095676511,33.47746925255945,29.17107236687667,30.478623940643573,28.569096955860957,26.584029907909237,67.48479019347974,31.347704764154283,35.817391053881394,24.94202983183687,8.585654336186877,52.096073040703935,46.59839499674249,72.7962860067823,13.296235050667532,32.240222881989105,37.68307301316728,44.12127470698867,17.165817443817684,59.80451178081589,35.40639185214637,43.714668743463676,6.306488351547401,19.98349364154343,44.31643410661248,41.60713583311429,13.825782688760558,15.17604694046553,55.27493810129744,41.092487281905484,30.806858724962673,36.491176013607976,17.116349612757286,50.688980109754624,62.27032276597046,42.37314424000398,33.613154707131024,54.80748651792699,38.48098364081408,39.64682279714716,63.87467499506712,42.454673020622664,29.50213153691221,59.59364873613159,51.94957516066618,52.603793417319885,57.252869025068996,22.673566922561413,44.79762822623361,42.09452536085661,27.567182835707314,38.86854818833763,33.78323021780798,13.874538112932559,28.51834609611402,18.208853460515012,49.582091658556884,9.415499005162077,12.478703592927651,46.539828105764705,55.35150918234566,43.03114284983347,46.86512185063821,45.76926927331486,55.09717928319987,26.862837319426355,31.87569546243523,13.397188119215121,10.212274122084574,52.652118950118826,41.85165618454814,33.74537714581224,33.736655236229595,34.202272043182596,29.107215108478595,44.452876852309714,47.291854388028234,46.60741245433496,45.673298715203416,48.90211176839647
Nice,26.92285031166373,59.33351496887344,37.14114381889997,7.825737012276356,11.272086535628901,0.0,20.245381211354104,58.805750201525825,38.94584563640115,47.50791268456977,33.54300633298331,31.984689038986076,13.354354165338618,70.6846351955815,34.09319074980102,50.4119926615218,59.988232318473,44.748121987902685,39.32387486928279,19.381542435674984,17.50484324389002,36.71072502934866,78.64845204500963,42.34782005206788,45.638954100663085,33.92138455925678,19.548727783602704,63.22865489452144,57.787359729223745,83.7300434488496,19.589827673043533,39.23064999029013,44.98263772143057,53.34794906661886,22.852749723582075,70.97458405865555,46.61613362709322,54.94185577107875,17.238319199081054,29.880534739211942,52.20864779298833,52.87892414801794,25.039745277807164,25.747542383141113,66.20636139657965,52.317219519156566,39.580053847610166,44.81431419860833,26.309198378643817,61.817776859368074,73.54169411795648,52.36556929987195,43.31247932471028,66.032533496624,46.9924035741718,49.11460045669809,74.82774983342482,50.92989490705768,40.72415171522086,69.76423668608473,62.794460092949876,63.8754052100692,67.62589967668345,33.73026151227274,51.69835741547561,48.75740376058721,31.09677088576696,45.47102561504056,40.76937756680936,25.05906746698482,37.22219911629973,29.098830536806762,60.8464187393145,19.52083962853492,21.80924172711458,57.46659342667043,66.4111690031618,53.96063137817268,57.862489980279214,56.412200262134924,65.7486295262039,34.45333221508895,39.79209482053268,10.529201419763114,16.696540891882773,63.34946882222318,52.776829818560415,44.36925988405843,41.985029519141314,45.05974101507127,36.7537670292253,55.418442947009915,58.24746935653197,57.49214848147054,56.589868962846914,59.85664743344054
Privas,14.281676948114312,45.375084001904106,18.939467843519257,12.4223987977939,9.937978165849573,20.245381211354104,0.0,46.88720552405117,25.993493407718642,33.329442425434614,20.685866254308493,13.901340729655397,14.347148843725032,52.046233991041774,14.337718765453356,30.337420226736167,39.81627432315145,26.075054028941505,19.28081137464257,38.36824120257827,37.7436688190522,24.251766747188253,58.72901055241473,22.275776257051433,25.8825403330625,25.056734561951274,2.671885216608758,45.57087041091691,39.84208630347457,63.52482445717283,8.510071639942376,23.549226801679055,28.636962255467466,34.21929685788666,11.520576278353397,51.089765480200434,27.019984444098142,35.35467990219069,8.526220958574674,19.08814191640794,34.85771225828929,33.86187105157424,6.700195476865541,5.513290377497451,46.01138140743739,34.17570572025875,21.104056061168418,26.91704335536745,7.556283707260603,41.86240864570577,54.48056914910019,39.33183571902941,31.618259547858127,46.367209963402246,38.19832176471847,37.74183036043661,54.63842617335872,42.02258034460025,22.962867494237177,55.7099043476208,46.523290141602324,44.86582426958447,52.96989299355956,13.865667102934834,35.85820877498641,33.34888528567774,22.154787155275773,41.009179140540596,35.80944893819001,9.703275309488975,28.682436407169643,14.710153156530914,41.53384559233986,11.599275652346515,14.755085579883959,40.95507395837462,49.10909317403813,37.523976726273645,41.01470655804283,36.171609359177275,50.169143667311104,17.96615577497265,22.591758167627336,17.443823735369577,7.44572121827225,43.10498073788022,32.595904435727384,24.1264520444117,34.13963536779597,29.267977750019263,30.711935143915117,38.77753983139794,41.58782873773394,41.1647403707608,40.14435105637093,43.168592086535924
Charleville-Mézières,33.34770235863179,6.8557862375511816,31.03670485077731,53.739843836860324,49.278414017049236,58.805750201525825,46.88720552405117,0.0,66.42891824119008,14.270160535060016,62.897841453048365,52.26308524661226,60.41277991712972,31.24053653250696,47.31911652181693,47.7948779864028,49.645769689105265,28.840402557214322,45.83325148648692,77.58048658177191,72.53032704772735,22.88610665066317,47.0151531903139,37.9111694397265,49.53355428253778,24.921212218997688,45.05180174846445,22.678714571599777,23.22100973753517,56.38515100847176,55.28747691235856,61.07871533797745,62.79464081890386,56.76776687028176,57.59365552856811,41.994943794420834,33.31920800973324,33.22839043089508,43.1319541221969,29.29495097240985,64.00194944646034,29.06993251119384,40.38040038235372,44.32364394122612,45.376297872167,24.462072522540677,53.70871630979543,57.98397487251133,49.50201328776439,38.831274740783776,35.658414361747546,7.8708306224625195,15.668245634682412,37.095010232106176,13.435702772205458,9.691983370054002,49.92729453766962,10.720280839167982,27.610773201261452,12.708837889652566,16.21105626489506,30.81220204285314,12.55914500882936,38.550063733876115,68.48451140231371,67.69973482475511,66.87355493483659,21.58023388508974,22.5639121323301,37.30958998997931,21.868899321678207,32.254773063668665,32.14424619331056,39.88089548077159,37.109274682110374,16.684132268457148,22.030453212321422,16.969827186142798,18.098320822351642,45.46494906345889,14.540434508230476,56.78884385770885,57.65088248077675,62.362672941388276,54.201482080205594,47.77687785566011,40.240612990455205,42.537935614659446,18.25188172097543,19.659114670280896,23.839482437872217,17.44934054011529,17.28543085330507,15.92394189209769,16.489442184114118,17.482675588660566
Foix,38.54444098220331,62.79361684264739,35.42999711710774,32.96834414902381,33.53894832359606,38.94584563640115,25.993493407718642,66.42891824119008,0.0,52.17555809737768,5.5639331547540944,14.453747955227517,25.76384684145196,59.27684318077673,19.11057011730996,26.792340798174443,34.91400291155874,38.6800422473391,21.466853888503437,49.94293759649367,53.596803735210884,46.4096286734678,58.929908416476955,29.906405497094056,21.4952208501479,49.238697692309735,28.654592671944062,56.518013396033524,51.02025788647205,59.794237972270714,20.328023431371037,6.056996329321375,9.378692171704197,22.7787614309335,16.531511117457256,52.51454822335655,35.81707412933753,41.67485413266265,34.4527892762657,43.26374646365358,16.637967278561643,43.063354888378775,29.58597053695978,24.64850562024961,44.70427391894163,46.01185627800738,13.858935612194795,13.323204814966292,19.278916972420504,44.26999223294261,59.84933830775966,58.56893704862467,53.15336608054735,49.98722937708336,61.01105269932305,58.74864681870607,52.19252624562846,64.43429099597678,38.855727343442446,71.94901268243262,60.27136520892541,51.82242067476656,68.61743459153598,27.98101089414927,13.767018588149385,10.677311080645271,9.154868022696768,65.67918558514171,60.58826233645844,33.78046706723141,52.588793445998895,37.73297622732833,47.83138564674294,37.57458441301564,40.61976931604571,55.07102508040323,60.402287711193694,52.357316936019686,54.47199336715994,34.146081207376824,64.67641532426896,9.695484459464232,9.95614763116054,29.445847260725486,23.492107210648577,39.881625031274105,34.683507116595834,26.80542814550574,57.8426724644047,46.80026087019412,55.46144400186571,53.014372337280314,55.321775988997416,55.5850730440331,54.513759875371846,56.602005309500406
Troyes,20.78811047335023,12.111595024907327,16.767183131359896,41.54608073819639,37.09649924104536,47.50791268456977,33.329442425434614,14.270160535060016,52.17555809737768,0.0,48.63284470995507,37.993253851740825,47.29820811576789,28.49729162128723,33.06525468890336,34.99578287382113,38.546403101358905,15.436857834630604,31.804010330831268,66.78457778282957,62.80003889492027,10.905493898052919,42.299043000035056,24.20077418871708,36.01160254075669,15.68555219592435,31.74961228823303,19.213115696895894,16.043949201079247,50.80649094659458,41.56024966687695,46.8800145864574,48.81288681294135,43.84389793050807,43.641740581682136,35.71054905644555,20.387148335214068,22.75551430760754,30.795141975720867,17.746502533911425,50.52736684520911,18.311312075974104,26.680249469437804,30.316328345687484,36.61638641936544,13.952679575688174,39.61575603630792,44.125871321084915,35.37178083550115,29.87537534645776,32.62028134816123,6.399677204399973,6.83075989075146,30.13542173400801,13.525835876066473,8.01780283312862,42.98687401152302,15.009146274072782,13.441778275505364,22.56378106508051,16.130308633754527,24.651162531558427,20.16061433860977,24.280107907973466,54.752582908366485,53.794457090436474,52.68440685352401,22.859374436982748,20.480911349474848,24.069315366717348,14.408388425137323,19.12687760938361,24.20870593203822,28.01074619506154,25.84223813600682,11.82312185813179,21.10865131112158,9.02424523268727,12.875369652510505,34.017636470582296,18.38286039744816,42.525187183187235,43.51480249066803,49.637750613833575,40.75070234252359,37.76573144877204,28.425067959982314,29.049201108331186,14.770317335286306,5.594639474311952,18.4392093865531,10.543416459353011,12.765073195479133,11.487440126267167,10.982777829258845,14.164566514153847
Carcassonne,33.726722636707436,59.68472525087356,31.88978702568258,27.427089754643358,27.983748585252695,33.54300633298331,20.685866254308493,62.897841453048365,5.5639331547540944,48.63284470995507,0.0,10.683830228005869,20.496279227836094,58.26196224255367,15.959399983811666,26.949914274585062,35.898617471440005,36.00968135747282,19.50971724698194,45.417553772888446,48.60450280709615,42.11539345945783,59.419563372100114,27.71846995904561,21.32315417217853,44.53674128493785,23.357160164793772,54.671252545929825,49.0142701363868,61.154385430185116,14.764248923156147,7.120947265830193,12.581746368883602,24.75527379063764,10.977106757589024,52.614778204633666,33.77394459452291,40.40843539575886,29.070833433237393,38.51573108281959,20.227534332152118,41.24329476614086,24.769452536391395,19.887880790404147,45.21030032920429,43.7449857726566,13.013702269487041,14.863472354189453,14.396352251854118,43.938414315702666,59.24095056478674,55.02836823709157,49.06827634003108,49.55218974581567,56.7058251137187,54.831758502599165,53.13606669020431,60.243154307769,35.564961250755225,69.18311780924333,57.90115395264964,50.717564356307726,65.94736045382467,24.366487029607452,18.45019093138734,15.40619388581922,6.072406960799902,60.91852681265959,55.78225234365184,28.919581935117694,47.973884225215194,33.133724343486215,46.766173742239445,32.285060039918,35.40335260829726,52.54142053359691,58.54829794238749,49.631209259841484,52.06722212358575,34.409628442751675,62.205146727437956,6.792769538788333,10.05171121498244,24.31243910827861,17.9288961731298,40.668286488104535,34.02604571773622,25.434204992509706,53.307166064102084,43.421916348224315,50.646776439446015,50.42241849364493,52.87528659274564,53.00165380022039,51.92220874566734,54.23971973583224
Rodez,24.489683612467605,49.00178372670992,21.232578873282772,24.53945688411074,23.364406422447903,31.984689038986076,13.901340729655397,52.26308524661226,14.453747955227517,37.993253851740825,10.683830228005869,0.0,21.171813082255124,48.75224906711416,5.44107893342626,19.983578368245404,29.667241117587672,25.45857259642419,10.071648751278914,47.570353702149596,48.87072471653951,31.961577722339115,51.71620932991345,17.579100746166446,14.510776938505076,34.98519202349958,16.280979414720015,44.485680836351435,38.75260704185552,54.76218522739391,12.850748533686899,10.271464007643296,14.840240240882581,21.39671499522633,11.102445274599729,44.48346075685469,23.63318465379838,30.8677830549508,22.227698478116555,29.084027444575646,20.988419832253204,31.18108494954793,15.676018315871762,10.811287374781767,37.829609630810204,33.35335626730012,7.598694081372451,13.127522569866432,6.346881845781286,35.414489438426195,50.14687250573145,44.39225577198456,38.71295391991832,40.786211888129564,46.55996124337571,44.35958668617467,46.229562072314884,49.98279426039936,24.88129690083152,58.54031699420428,47.40430418468899,41.19258151609257,55.330348573202095,13.713195583088519,22.07831921812387,19.73441641639686,15.521518226465808,51.43753231834894,46.40364954843679,19.857974705723933,38.257224614060625,23.44296931575478,37.33140654085966,24.754392987371002,27.439509081898276,41.99050176478212,48.33921634356795,39.01887801256614,41.570148415374994,27.07978903868994,51.65796351172299,4.847473024093381,8.707741929152023,25.269322192127856,15.359984495869544,33.88181793303516,25.38038782398546,16.28797383130805,43.45677514623983,32.747306505358516,41.30197915380313,39.85283593210374,42.35754071917619,42.42965104398308,41.34950562222512,43.755907534782466
Marseille,27.088258307621786,59.402345988360764,33.26693439010249,9.420567400640671,12.673396957458415,13.354354165338618,14.347148843725032,60.41277991712972,25.76384684145196,47.29820811576789,20.496279227836094,21.171813082255124,0.0,66.0496812276617,24.744969804348457,40.945727667451514,50.67423131725091,40.25218328630154,30.204299989997796,26.399166770770954,28.33229648570744,37.5314956101403,71.59038356993318,35.36986665331371,35.627831185613545,36.93674045919147,15.561315708735052,59.8547154246577,54.099386687501784,75.47320001467108,8.466463257714105,26.683714943624686,32.478407163579796,42.286685532171816,10.50418229216123,64.07499530041109,40.6815050670479,48.895577777882345,17.76134322490391,31.460652939401736,39.951216650141504,47.82247934356911,20.985577037315906,19.038961926561807,58.19398327178812,48.42244304235031,28.457234359325312,33.057476563924254,16.925479009162434,54.81988803879233,68.25893400876863,53.086468692236814,44.83983449258486,59.7016235638981,50.497716069025365,50.97685765176835,66.75704113626496,54.44572780943165,37.30437183586571,69.8099312703101,60.862300198131244,58.7359185413586,67.1606461802794,27.61064231642232,38.88352602730361,35.87298742015798,17.742710676672587,51.47284475801227,46.35166199025763,23.238583279805507,40.58602548914473,28.248421945491796,55.238801084709735,21.41603022542471,24.73930469698406,55.29757469794566,63.42606014938515,51.858989905951155,55.361688276905284,47.71383531503744,64.4667535584263,22.495312839738595,27.858576943991434,4.114313825808647,7.161390348929933,54.63968435533157,45.06851244418411,36.042522342259275,45.937997223215326,43.5045261149537,41.56964413450934,53.12191960013404,55.934140664540124,55.49989672708788,54.48356273326701,57.51559180430878
Caen,44.674569301516335,24.465006228690477,33.573345140500805,63.42617097324794,59.43464404145009,70.6846351955815,52.046233991041774,31.24053653250696,59.27684318077673,28.49729162128723,58.26196224255367,48.75224906711416,66.0496812276617,0.0,43.4550683140881,33.0583585839778,28.564104535739126,26.05195489835704,38.875927974986745,89.86084040901011,87.54367559998788,37.738044462246215,15.937874991685543,31.35473406015847,37.861098271720486,43.5846260150268,51.73296499245723,9.38268494553067,13.31108015169929,25.467271599233026,58.24074499463093,53.22185105493602,51.908008601362496,40.47040439550239,58.57796811320659,12.770409079095852,25.5372788767165,17.899042724980443,53.536953521004314,43.69586327528756,49.2808817511371,18.227252153337073,45.98462583439539,47.01551785428111,19.71212248550167,18.424195246455046,45.56050244078193,46.7844529887078,49.914254624319945,15.976752289153959,4.428255285230863,28.949728585914322,35.313268974923986,10.649467337753252,40.325083293655304,33.9988206906713,20.481537981885722,39.84985336652108,29.98533014908661,24.559789437108208,15.052897661065547,7.562795930738449,21.56404592678618,38.44098926161366,54.81287646578725,55.4649060050833,63.94965133137721,50.02440361930564,48.62154393181782,45.649563202535234,42.84224681771137,42.12064278632677,11.496337816102075,51.9931120983623,50.986377517374834,16.885571399816243,9.237826688003192,19.496794810870448,15.672023897227294,26.621647253744356,17.448291266670804,51.49939433147397,49.32828435215659,69.4523346296464,58.888302214980634,24.304891201859494,24.63377624201134,32.82900374165085,42.93805105003436,27.527576709458415,46.93648660299316,17.95562162560674,15.951732381170288,17.404641500833506,17.640519722478565,14.870817002456816
Aurillac,21.683695051680417,43.8140015797147,16.331390136801527,26.34138491045456,24.27464183569018,34.09319074980102,14.337718765453356,47.31911652181693,19.11057011730996,33.06525468890336,15.959399983811666,5.44107893342626,24.744969804348457,43.4550683140881,0.0,16.40640590454272,26.09950512342846,20.063547481040253,5.4599800561957,50.91385015150754,51.41281132317694,27.894305689820815,47.10481910178162,12.179057311871212,11.582493339112993,31.57879669605496,16.13362638427451,39.04895997713374,33.31221285318878,50.72829153542935,16.286589992321897,13.996165137661057,17.18342203850033,19.955909028584827,15.527148802097022,39.72793245032795,18.215617220769776,25.60918228623143,21.705473097770046,25.92323166131257,21.823129843895444,25.768420674668825,13.613894060832845,9.550323750788401,33.48784468328377,27.91610993632208,7.991688337491921,13.866599735549931,7.950697025430227,30.552134165852525,44.98208967388538,39.45837933620662,34.30451536793948,35.78155920784282,42.37866648700393,39.745675705922544,42.02487354552002,45.64366056801125,19.7694391434759,53.22845588988812,41.99159522819202,35.905359057101485,49.98796261902344,8.969660036477789,24.16987829583541,22.330850113542596,20.961988926458147,47.92559909610417,43.03046747861514,17.480210890970696,34.63007083325275,20.154001603099058,32.08499564564454,23.5297704091625,25.725817961596675,36.59944417700146,42.900332058833854,33.67181299308683,36.15646544198217,22.971597189339636,46.26629870552769,9.496731838455604,11.125605718490226,28.723149625930482,18.143143523397036,29.907790784113576,20.586300862389933,11.446543221492059,39.63309637734723,27.70164883362404,38.015826179968556,34.472165887397146,36.95145229807599,37.05085011655684,35.97101822224836,38.33852793867395
Angoulême,33.19546726000159,42.419101443275245,22.184628776018062,42.61581978797031,40.18508831907426,50.4119926615218,30.337420226736167,47.7948779864028,26.792340798174443,34.99578287382113,26.949914274585062,19.983578368245404,40.945727667451514,33.0583585839778,16.40640590454272,0.0,9.729284793243762,19.60299271313124,11.088443616487572,67.25037904528983,67.79290171058238,34.93511376503927,32.46985873488222,12.091052724275906,5.679573959256405,40.40336729314336,31.695661499658538,32.05213873877412,27.34094710957833,34.80867790751647,32.49053366706377,20.85939640938515,18.867793893996467,8.977800285890849,31.08586906332299,25.767248474254412,14.624459651486141,16.585057650791857,36.60286776368576,36.05378304700088,16.95480150547516,19.52784577180227,27.62578955970572,25.015515679542556,18.274597663993042,23.743838296245897,14.006460699358492,13.801641733428436,24.349260323263643,17.55220163487589,33.21262294149098,40.63673563779905,39.08436422381099,23.292712643802037,47.466549290949914,42.92393140145871,26.40778546550889,49.77996644069664,22.98379108670837,49.71193630277281,37.198890054895074,25.88320823988215,46.17516358907031,19.061574199819965,22.20404385912614,22.507058304985808,32.99395691670368,55.22674436052509,51.06344628849215,30.405938644626826,42.468989824857786,30.806737243573384,21.943385350223654,37.499618433080116,38.817188623520344,32.90491492906788,35.79875953299714,31.21832480225755,31.890597876978724,7.460467893259918,41.72362898617023,20.7226926985837,17.118315735765414,44.987700037331926,34.526504616509015,13.95932217563325,8.735175319789622,7.359403690431817,46.36376647694408,29.5621625974264,46.65136009954242,31.26469563600137,32.828071259478634,33.58344742960127,32.63065481205613,33.719888150429284
La Rochelle,41.086874436758926,43.49837056144095,29.04985560285624,52.173128667121624,49.56465095676511,59.988232318473,39.81627432315145,49.645769689105265,34.91400291155874,38.546403101358905,35.898617471440005,29.667241117587672,50.67423131725091,28.564104535739126,26.09950512342846,9.729284793243762,0.0,24.26070568082957,20.713503986675892,76.97620691297226,77.41576238427675,40.94415547766774,24.162616687055834,19.47662973873114,15.192690453141763,46.87726975013067,41.008157546149334,30.34767781637171,27.012090581377397,25.313376288356064,42.219801755365516,29.30788553231966,26.054040721490487,12.860241300182519,40.76552624092924,18.520063218902184,19.190796293127843,16.41777947195662,45.61074499695395,43.28341471235791,21.561529212801823,20.655445415512506,36.55570710413627,34.40194462662447,10.17980239155729,25.29424546522899,23.279158788389825,21.593516014127058,34.04963917806387,12.78892127602875,27.520806634125385,43.32657044899047,43.76080375492913,17.943686503221816,51.83195920526853,46.54211741863787,17.295939063899105,53.54672069474379,28.662837572485394,49.04658893787557,36.532639521315765,22.54360111095613,45.511538544792074,27.649089410150715,27.16619544419405,28.43497638486517,41.970367900104996,60.41707701658106,56.74907428168364,38.902172006885365,48.40368025715199,38.51636463701493,19.208097886532116,46.14625306048979,47.09896869017451,33.38880378133161,33.64123796062708,32.68271009485525,32.11726410778738,4.679237660715836,40.86877961840176,30.03826043135889,25.86014297834758,54.71692634580789,44.23695617018201,5.067401616181973,10.344388706284928,15.898718789807827,51.597378846935754,33.64834557086849,52.77906055458585,32.25275357610121,33.040759990052436,34.13923772799755,33.372971727147245,33.50627945290342
Bourges,19.815598651459865,24.325961642059138,7.634747991670361,37.39561245263984,33.47746925255945,44.748121987902685,26.075054028941505,28.840402557214322,38.6800422473391,15.436857834630604,36.00968135747282,25.45857259642419,40.25218328630154,26.05195489835704,20.063547481040253,19.60299271313124,24.26070568082957,0.0,17.369805983355313,63.83743916666465,61.82769671151218,16.85950620432543,34.930904202762726,9.121502160267713,20.712272663463843,22.990363169905457,25.681546077380595,19.70941681322396,13.907499425221088,41.69048463095883,32.7988691248461,32.965166200312886,34.102633096665855,28.410765817775907,33.717716007500314,27.339601896473766,5.159518053747528,11.193866915651446,27.75591126899078,20.429520827908856,35.21376541412144,8.19011345857443,19.93288924116397,21.2612320948246,25.056654580999243,8.240946759890441,25.287935194831782,29.195146842277172,24.905924938161064,18.981450040346896,28.794241507641555,21.32580652894979,19.69127535066876,21.926066782981437,27.98145348555794,23.324293893904684,32.96079975978104,30.181962756173412,4.920779008065301,33.2738331902896,21.956023717299068,19.129509175859752,29.97322592727845,12.916881804733759,39.64511534413095,38.92293609996199,40.933649540847874,36.21439234951818,32.490333996239634,19.864974330284525,24.209759685367366,17.100549701146125,16.28583119887989,26.66542135917246,26.313566907576362,16.53593739372406,23.417000957561207,13.679842572226818,16.127290809671923,19.587838256925085,26.203064508565177,29.397672924319462,29.314467965187976,43.516731136303385,33.11144156587039,24.643602209185108,13.917939926306275,13.71626882903569,27.366707574231224,9.959442995742336,28.62570391636739,14.413109594543789,16.901871847907767,16.992472193091434,15.913343838627819,18.321353148995726
Tulle,24.096981954779537,41.67185947424968,15.785067800369008,31.52784454572765,29.17107236687667,39.32387486928279,19.28081137464257,45.83325148648692,21.466853888503437,31.804010330831268,19.50971724698194,10.071648751278914,30.204299989997796,38.875927974986745,5.4599800561957,11.088443616487572,20.713503986675892,17.369805983355313,0.0,56.35761848301177,56.71636876730853,28.441654393707797,41.76267958160854,8.441633808198192,6.908137293362453,32.965847395087195,20.76099066606507,35.219754100439445,29.62871743549125,45.26893960143739,21.743996955437726,15.630332808488822,17.011389482426242,15.942903724659256,20.835024458920707,34.45720286382234,14.382318346766947,20.97980248262643,25.94512147731836,27.773781985604632,19.759358708920733,21.765294384445713,17.207258674792506,14.052831808753531,28.054772848299187,24.5464498019881,7.923741729031156,12.495564782229962,13.382026290822704,25.352138389595858,40.1270486302508,38.08246445292594,34.115259182862054,30.71651169370823,42.450120009765364,39.07389605449842,36.575284508695106,45.408330371440485,18.391603438775356,50.55695111394935,38.804568113054486,31.314817327750415,47.19327007029828,9.825952839669954,23.23705299747695,22.033535015917387,25.079952944694774,48.91219234363491,44.256070396693225,20.53306573531044,35.65801199267892,22.095942625949434,27.404171720688126,27.25657536312498,29.012022288690744,33.62379145621766,39.103255489023766,30.992254188007518,33.00671856187216,17.511685303575867,43.213192638949145,12.717004652081632,11.944667025505018,34.18198425297466,23.57583505950624,24.450223684920857,15.326351804169429,6.216404356076197,40.29543894957614,26.24270885635925,39.425884119581255,31.588215851592253,33.859910700369234,34.151465880390546,33.084548270802266,35.135157889829905
Ajaccio,46.294315628865334,78.49696101691285,56.28811885693437,26.442165453237433,30.478623940643573,19.381542435674984,38.36824120257827,77.58048658177191,49.94293759649367,66.78457778282957,45.417553772888446,47.570353702149596,26.399166770770954,89.86084040901011,50.91385015150754,67.25037904528983,76.97620691297226,63.83743916666465,56.35761848301177,0.0,8.745361799005616,55.92956563920816,97.07941285012038,60.61287405736342,62.003025241348396,52.67588448657448,38.245258051400164,82.56405782794297,77.07678865720833,101.52612658958613,34.789228167419715,52.24113965010723,57.943607139087824,68.59532836620241,36.75858292998519,89.45157533237835,65.32676748266017,73.67408501982491,36.59421339233085,49.075977184978754,65.57001386366639,71.8914851122414,43.93968275797083,43.807331216496905,84.10256373375667,71.55919596051197,54.81501818388557,59.16060797071912,42.97587188485841,80.21373658672319,92.5807371472269,71.44388630005689,62.300788280534555,84.71873276710602,65.22102880712222,67.92698778336408,92.7169473181411,69.06733899533779,59.97420782055517,88.87763972129262,82.16979189596572,82.91852691957705,86.84553333089875,52.21722358376517,63.67203975608896,60.58289916417518,40.85887896670885,62.278435514189965,58.0573048990292,44.349557812973146,55.76095198191699,48.478802120570464,79.74972354745232,38.866762849899395,40.968914871355004,76.84812593512738,85.77794358498397,73.3421585265878,77.24021636718658,73.83879645644788,85.07916559267957,48.64222310038914,53.929962421995064,22.303904864047226,32.78600209604061,80.79391276240042,70.7769292319665,61.95963300989128,60.13656885185593,64.43985989452634,54.656159903274826,74.79881545155135,77.62853771861239,76.8721714084186,75.97129345165885,79.23782857551758
Bastia,43.053996085270725,74.10483418213836,54.19304403036213,25.321436618772854,28.569096955860957,17.50484324389002,37.7436688190522,72.53032704772735,53.596803735210884,62.80003889492027,48.60450280709615,48.87072471653951,28.33229648570744,87.54367559998788,51.41281132317694,67.79290171058238,77.41576238427675,61.82769671151218,56.71636876730853,8.745361799005616,0.0,51.90149855691012,96.05388683215695,59.832215176439604,62.88484063208602,47.90685918642451,37.01412363681468,79.70001746808674,74.44659330902918,101.23265247131104,36.091695259153305,55.003161549955394,60.79523524332647,70.25259742073179,38.78413225656875,88.37350030696491,63.968708136039034,72.26218981837773,34.07400403777055,45.10490248273581,68.28351264385203,70.00569020460921,42.39406797014082,43.24985713466783,83.7080010306195,69.12013119625126,56.39570912760265,61.2932390303325,43.52870375711314,79.25173797469854,90.58123348235081,66.92735925621955,57.719359346768705,83.35331542470419,59.69814119988484,63.01662044782818,92.32768830319185,63.41796540615011,57.57769442339045,84.30975743184425,78.62355140596144,80.93521948388688,82.54319396395834,51.19221006603946,67.05468624606124,64.00509913840074,44.829782330744834,55.80262673027071,51.93020518656065,41.97295508429523,50.684599566031906,45.493870950579485,78.04348411701169,35.61975069676254,37.11578841913896,73.50512516231598,82.68007049219702,70.03672817479567,74.0444389836493,73.8969669292187,81.18219291202456,50.752471510003346,56.12963890059482,24.33877708828818,33.535466078258374,80.84033546989863,70.27743990809942,61.8589426596064,54.61424556637575,61.10667959396287,49.02099441313681,71.55364280563474,74.33834396728005,73.44699633366102,72.61582053954267,75.93239846086274
Dijon,10.464416766008727,22.63043178595848,12.931439395784313,31.055132610867876,26.584029907909237,36.71072502934866,24.251766747188253,22.88610665066317,46.4096286734678,10.905493898052919,42.11539345945783,31.961577722339115,37.5314956101403,37.738044462246215,27.894305689820815,34.93511376503927,40.94415547766774,16.85950620432543,28.441654393707797,55.92956563920816,51.90149855691012,0.0,49.92556799601186,22.88783235531047,34.18868219769442,6.257194293765727,22.2605575913671,28.892589638437666,24.50936169144484,57.60479907423085,32.74439278736949,41.81705397208821,44.89010489563827,43.015233113753666,35.37144767766846,42.70556721088968,21.772738906166595,27.449320838904754,20.346358682063727,6.855507647374431,48.17546281864618,23.448887594993018,18.02528318813799,22.48539157901707,41.657715549042564,20.382284919035037,35.48906334082989,40.839605182771564,27.94425012834537,35.25837107919682,41.517882050406094,15.7891517413955,7.37060011381938,37.06043704124654,14.605571260750231,13.50941644151848,49.15039934154354,18.14905846204323,12.283197814992095,33.08348912261197,26.830729256193177,32.56480281246851,30.922567228406866,19.060814075566142,51.55414900537143,50.03793937395261,45.296905357992145,20.525559151678237,16.135628463971823,14.563652836744337,7.539856976426829,9.545825362839652,31.007712542192262,17.305292812626753,14.962754989862077,21.997440900476942,31.3596155350896,18.683439882334532,22.764291344525798,36.26733867427962,29.286618684534307,36.77717546204079,38.990166816115455,39.50986925722733,31.437299933471145,41.50131661269312,30.656438319902012,27.868128559962194,11.856414331714845,10.231175415813103,11.840568864014298,20.26107798293627,22.892174695422614,21.828277108096227,21.108941064895603,24.43043426306032
