,Bourg-en-Bresse,Laon,Moulins,Digne-les-Bains,Gap,Nice,Privas,Charleville-Mézières,Foix,Troyes,Carcassonne,Rodez,Marseille,Caen,Aurillac,Angoulême,La Rochelle,Bourges,Tulle,Ajaccio,Bastia,Dijon,Saint-Brieuc,Guéret,Périgueux,Besançon,Valence,Évreux,Chartres,Quimper,Nîmes,Toulouse,Auch,Bordeaux,Montpellier,Rennes,Châteauroux,Tours,Grenoble,Lons-le-Saunier,Mont-de-Marsan,Blois,Saint-Étienne,Le Puy-en-Velay,Nantes,Orléans,Cahors,Agen,Mende,Angers,Saint-Lô,Châlons-en-Champagne,Chaumont,Laval,Nancy,Bar-le-Duc,Vannes,Metz,Nevers,Lille,Beauvais,Alençon,Arras,Clermont-Ferrand,Pau,Tarbes,Perpignan,Strasbourg,Colmar,Lyon,Vesoul,Mâcon,Le Mans,Chambéry,Annecy,Paris,Rouen,Melun,Versailles,Niort,Amiens,Albi,Montauban,Toulon,Avignon,La Roche-sur-Yon,Poitiers,Limoges,Épinal,Auxerre,Belfort,Évry,Nanterre,Bobigny,Créteil,Cergy
Bourg-en-Bresse,0.0,509.72466233440775,195.77336238547673,322.35588021886974,253.23742360662948,418.0566818581325,221.76517000177503,517.8214651961459,598.5161643199273,322.79674648059364,523.7068732407987,380.2745902557082,420.62512900033835,693.7044922595705,336.7033393118078,515.4575661490932,637.9949446701697,307.69563123384887,374.1767384282537,718.8558327463562,668.5403118830858,162.4909435715641,850.0662612639964,335.7580326126709,478.03076561521794,169.01534447152048,186.9340285465791,569.0515468961296,488.52700587837796,952.4339621728751,353.5228433034533,539.5318800788631,601.7066658503181,619.9795649030648,399.5453497131524,732.1896657390316,362.4053620274937,480.54849087988214,155.4034789349184,75.30145130034457,673.4417252256512,432.84994192970856,139.23598094483447,215.78444961115602,687.440915501078,408.3876103340886,460.7888649802185,551.3276764511464,300.2583607636553,599.584055355162,744.6469751210486,406.54610089637345,275.64876291683254,647.9799871276942,371.5181978837802,370.97884497148976,815.2972782655893,431.274525865456,234.13261942433422,672.4019676377385,557.0775387434651,596.7795514469988,635.7894083037145,223.4503388896868,711.6542781141278,680.9722796709243,560.9639346307277,422.2397509286343,342.5590084752601,74.8218645929453,224.43139689245436,42.33085510039904,558.6745913017998,115.96598180319037,100.90156276030984,474.94456543105724,615.7972520511854,420.6372574331693,482.08407761211566,568.6639177466135,603.4559576456393,454.9338796358917,505.6733347563314,451.1907017243589,328.9042405081891,665.8600169049311,489.9646569247269,401.38381814713034,308.9707118896638,282.0289520386895,262.84489084301697,443.70528284024897,487.3893757216401,474.98186931291224,461.2495175082484,512.3149127354012
Laon,509.72466233440775,0.0,434.13725807744765,831.9751298659329,762.6993726509061,921.3278721874759,704.582049719008,106.45630803650904,975.0561621529098,188.06824572837465,926.7814479949312,760.8972628371106,922.3966768379,379.8914010666223,680.3416394365637,658.6816994297399,675.4405366683378,377.7323236344587,647.0785632647467,1218.89691020051,1150.6961829524591,351.4042202788584,623.9520269936424,519.0872368866623,693.8621658792664,407.5101519011401,680.8644234703829,245.7037666717131,259.2135299102355,769.1815969122329,831.0559828482077,888.2407355856768,906.9125429644811,797.8909435383415,860.8931432584283,545.832409425925,439.4031120148381,421.234092073242,665.0584092166453,457.3568691560536,916.0086975711374,360.019456591244,600.9119143165302,654.0262633953145,601.4889501068316,290.5949941914765,770.1165677363458,829.8052619445912,729.5194661113064,501.2183262099007,448.6168410139009,112.18490457769154,254.72864516322304,470.6006020195786,272.97713555384564,184.97095832728385,669.1821623100469,248.80191378263993,374.7127250005846,162.679180221444,146.1523992826961,372.8009844717204,131.3063775771531,549.9103350605648,989.3666344166386,980.7788213458763,995.167238984262,416.294421378618,415.1113211214775,561.79179120424,370.51739094417553,485.017368863111,396.17738254115847,619.9208826459615,583.0064850697705,157.78165827476116,237.66337316971246,173.92532514200244,178.86732554346696,613.0363558231658,132.46702210529722,827.6723796699717,832.4456153335317,958.7697521839086,820.036479221405,642.0982333102786,535.3089349734396,586.1677350460781,335.4114267996431,255.32804822204858,416.39106106869684,175.5104351142969,165.38809076931443,145.95998545266283,157.22670660951474,166.00826711270608
Moulins,195.77336238547673,434.13725807744765,0.0,463.6494338486406,401.8047448512322,576.7258356972045,294.0911155825972,481.9364107263558,550.1552347376978,260.35998651179966,495.18302834910844,329.69842970935986,516.5673041941382,521.3252351009442,253.59301454660758,344.48181329220597,451.08471433006594,118.55198744829754,245.10974845293492,874.0391126853164,841.5068948813997,200.79874838174402,658.0091508957973,156.74787095573024,330.22695967001766,282.904487307922,283.7456526339942,413.898929748288,325.61753587991376,756.9889414033895,408.2491276639539,469.66644426249167,506.7131178478888,467.2874234643825,430.88886572843745,539.333192582265,166.68704832106337,286.83187622992403,312.44224188496264,221.0427942927419,549.4357667473213,245.64082478963755,194.38659205363004,227.2118952538548,491.75358381453447,238.26778015157356,361.3083433335682,439.107201931959,296.6722979735993,404.4070068686285,565.4445235126014,359.7329080242603,284.78429826856654,456.93668573975623,414.0610075092481,364.84778409180467,619.6281296395113,460.54361013639897,63.41970819178264,587.7680571650919,431.1948363258322,415.44402141345336,540.9389700754174,116.8220750084749,605.9186873410997,585.8413209192174,561.0789240248016,519.3180286276971,450.82945045166883,189.95602331356562,316.71840447410193,153.59738697361726,371.0378324453881,297.0305255533166,295.7625198905368,344.5234553556923,468.4768146186274,292.66089191931474,343.8930803834272,379.786079979231,491.1975476896308,400.0729997704542,419.76025281204323,564.2238347461617,407.02121579119284,472.7688182389779,297.4011377593957,232.78233942694172,383.3807343827546,179.50068082007832,380.3210401734085,310.48632246044303,353.4889346301602,348.8074245587097,332.50406918677544,377.6854771193068
Digne-les-Bains,322.35588021886974,831.9751298659329,463.6494338486406,0.0,69.43139604243416,121.51765547012977,192.89439127009163,834.4696247959678,511.9308097674505,645.1254773011863,425.8864868733441,381.04746714457673,146.28210249442037,984.8784312616141,409.02771600084725,661.7363321113403,810.1417494894663,580.677211997513,489.5628035050878,410.59263126145083,393.1900096082742,482.222556069377,1101.8111179284197,537.0506058740989,588.6817747743006,455.2691279861537,184.31193476267862,873.8299037137411,787.5585624494269,1179.0218545338116,198.6344584055709,504.44323273847965,592.2000886054589,711.0698296110374,255.53953669338927,982.797604206114,605.6199929026466,735.1738669364051,166.9527629406626,379.60164691702806,700.9491549570316,705.8412370783819,271.87662419756157,278.4027569256298,906.9679368693031,701.2797246878787,498.91219492115556,583.0376945911961,289.63771454720097,840.1609313810427,1027.0942004168505,727.3940822751198,591.2564131236064,907.1840703712622,664.966744018673,684.7888362737569,1040.8868438172817,726.695330403724,521.7219114255095,994.650821687521,874.1410721776035,877.0286647888465,958.0362159884434,403.8872641516609,699.7967366196405,655.6547850731888,404.53093066617566,665.1449511290109,587.1923428857731,281.0126652032615,510.34090845776245,350.82280454847916,828.373811024222,215.26543081408613,261.43719263274835,789.6953098198121,925.2568491112173,735.2479838662468,794.195168991935,754.4489803539932,923.8552028949412,425.62815815019235,507.10962345685596,143.5931326320668,150.07297218988944,862.181512526078,698.4951747091322,567.4520087772507,590.4527694869925,598.7718677434582,516.4651308310838,757.0359820616317,801.1524512212274,791.0195499863221,776.3224011470145,826.1420412723006
Gap,253.23742360662948,762.6993726509061,401.8047448512322,69.43139604243416,0.0,175.03239962156678,154.3164311467325,765.192764239895,520.7911230372059,576.0325969106423,434.5302575349798,362.8013419634768,196.79187822140398,922.8981994013991,376.935432231214,623.9920546440103,769.6374372168494,519.8364790770102,452.96696221858184,473.2705580845276,443.61951794815155,412.79549546442917,1047.9004688428533,486.76560192786155,556.170668538531,387.29859987324335,133.31761391594532,808.9452335513034,723.5775620612188,1130.3771119065575,206.46327718427847,500.62457891287437,585.1408852976286,685.1129612886441,266.54996030772804,928.6414872797499,549.7886933563102,678.7992040910509,97.92683775694724,310.30269629725825,688.1433867486411,646.0735377812779,214.68606659566086,235.65290280225983,858.3064922561715,638.0821006507064,478.3673715056316,566.6331679131674,265.78182628505107,787.0959644371837,966.9304777324606,657.9680782609314,521.9433960734631,851.047927297003,597.530801875995,615.6338943656391,991.8427794265081,659.2340531152588,458.10763256074864,925.3672163995589,806.6704217494749,816.8290903310541,889.0197053582143,352.07402053666794,695.6153451278512,653.6416981499474,428.06184527495833,603.548884912075,524.5843201522979,215.44313839957388,442.83146111978294,282.74617174712756,769.9082555676536,146.20340070127452,193.76868933117476,722.6681382882718,859.4954841979139,668.1854479787808,727.7192833950033,710.7029390266283,855.5462621614887,417.12480309668257,494.96421525520554,208.0308714163839,158.5756851255369,817.5794868030874,649.8704376482631,523.9965395312461,523.8611061526335,531.0911807947608,451.97538988320804,690.2620629240639,734.3455650314944,723.7175846946424,709.2127129689972,759.3495616210633
Nice,418.0566818581325,921.3278721874759,576.7258356972045,121.51765547012977,175.03239962156678,0.0,314.3692734682314,913.1327671044384,604.7491558447384,737.7005075243753,520.854135605331,496.6566620960571,207.36574790898476,1097.58750303698,529.3973718913202,782.7949171043759,931.4942906595188,694.8466147189858,610.6191749888632,300.9556278831519,271.8143360852487,570.0423141203208,1221.2492553572924,657.5748455290044,708.6794115009797,526.7295739015028,303.5516736584271,981.8114114056125,897.319250453785,1300.1559541746833,304.1898706994338,609.1715837001574,698.4881633762512,828.3843022766904,354.8563621674235,1102.0898145753968,723.8530066318823,853.1344063832105,267.67576396088594,463.9834586834153,810.693288710999,821.1013066462414,388.8159204628442,399.80655874442726,1028.049090009001,812.379185080071,614.5971094349405,695.8744440777691,408.52792513422077,959.903367381492,1141.9517720179579,813.129958072546,672.5540267812156,1025.3498990159007,729.6957076734752,762.6490754145667,1161.9215812643606,790.8368774387839,632.362604273616,1083.2956007156015,975.0692561017062,991.8541181687765,1050.091609886389,523.761824724732,802.7695250850251,757.102542866261,482.8691131330274,706.0718263205056,633.0648690498348,389.11595445628603,577.9844583276356,451.84519467091246,944.820166759542,303.11862777228134,338.6528218496053,892.3384072464353,1031.2293323472331,837.8980027666565,898.4858692589942,875.965842579735,1020.9414522702469,534.9896306690831,617.8896711262839,163.49691645594896,259.2630573273723,983.6874040717885,819.5159909714351,688.9636627959384,651.9414521605794,699.6854194886844,570.7106681556724,860.5348283697192,904.4638098840369,892.735224867555,878.7246733361324,929.4510471031141
Privas,221.76517000177503,704.582049719008,294.0911155825972,192.89439127009163,154.3164311467325,314.3692734682314,0.0,728.0621975784344,403.62567403289825,517.537925860786,321.20910332777163,215.8593281002391,222.78181434355642,808.171335264624,222.63538455672918,471.077953831307,618.2651292414821,404.8921433065451,299.3914809727107,595.780142897178,586.0818139604379,376.5802289936064,911.9411576461915,345.89714684862474,401.9028002028339,389.0797292228459,41.48890087901798,707.6222113496415,618.6659363893566,986.4103176579633,132.14396956432262,365.6712236285568,444.6733269482526,531.355541271532,178.89093599927637,793.3193397546651,419.5649758400333,548.9857127669362,132.39473538159433,296.39971919888103,541.2688238864797,525.8054511114013,104.04030243580033,85.61009902946353,714.4624442148663,530.6786602524651,327.70273386907485,417.96651172930825,117.33359793882924,650.037401330835,845.9715706382018,610.7427906681585,490.9667631654989,719.9877323509666,593.1416423092932,586.0532664664071,848.4227666670608,652.5245395124263,356.5662654384655,865.060626515851,722.4113376025207,696.6742899003801,822.5138663596206,215.30538979712475,556.80448408364,517.8398336285363,344.0184340881332,636.7884959711273,556.0473437607144,150.67197685541888,445.37944731629887,228.41852727532478,644.9354905642836,180.1129759681136,229.11623571248384,635.9483533909103,762.5635586030766,582.6704460601499,636.8743254354478,561.6709527822559,779.0239699893029,278.97757414553803,350.8036982550829,270.8668281889686,115.61678910360637,669.3319990354072,506.1475844057048,374.6343485157097,530.1185616117388,454.4717041928457,476.89340285582483,602.1357116676699,645.7737381635706,639.2040430242361,623.3594884529648,670.3197528965206
Charleville-Mézières,517.8214651961459,106.45630803650904,481.9364107263558,834.4696247959678,765.192764239895,913.1327671044384,728.0621975784344,0.0,1031.5049416333864,221.5863437121121,976.6745567243536,811.5385907859048,938.0866446759275,485.1014989519715,734.7688900903249,742.1564904720932,770.897044861883,447.8323378449429,711.6964516535237,1204.665940710744,1126.2473144057044,355.37432687365174,730.0489625825142,588.6827552752562,769.1545696046239,386.97534501549205,699.5621389513113,352.15395297515187,360.574685365453,875.5458231129155,858.501194291282,948.4272568008921,975.0720624053395,881.4870632031331,894.3114212510577,652.0954005344851,517.3790063623175,515.9687955107933,669.7508404067843,454.8905430498424,993.8190907835458,451.3964675651218,627.0248506576665,688.2553407022691,704.6008986361336,379.84584662330246,833.9862781024136,900.3722806290581,768.6648026050373,602.9701046705555,553.7020863625396,122.21786680842422,243.29573966898158,576.0094756538226,208.62892503424624,150.49663618096278,775.268548721578,166.46398818583825,428.73871430530204,197.34220325547463,251.7244761629668,478.45034228032836,195.01777964020746,598.6034741285112,1063.4240900980392,1051.2381183968187,1038.4092381185808,335.0967994579152,350.3713064026413,579.3414594717284,339.5791820136368,500.85051341100416,499.1342576601019,619.2685633660185,576.2309733246954,259.0703768393967,342.0877828000221,263.5066333251987,281.02982643403175,705.9774699294859,225.78314453774033,881.8143456165972,895.2000385213781,968.3644866675198,841.6379205000869,741.8769853363372,624.8542389822237,660.5269505381901,283.4143124375067,305.2657557497034,370.1782987247239,270.9524928589331,268.4073113867247,247.2661784487219,256.04723888375963,271.47011783634423
Foix,598.5161643199273,975.0561621529098,550.1552347376978,511.9308097674505,520.7911230372059,604.7491558447384,403.62567403289825,1031.5049416333864,0.0,810.1794735617653,86.3964775582934,224.43708005011675,400.0597335629187,920.4478754778995,296.7479831880429,416.0301366176156,542.1429023533966,600.6217740270048,333.3362405047118,775.511453361703,832.248505205138,720.6464079731026,915.0606896968472,464.3851785263053,333.7767212755885,764.576051122822,444.94709117925566,877.6089036651168,792.2400292930444,928.4819560911602,315.65253775420865,94.05273803294061,145.63186602025152,353.7074756356134,256.7004831903301,815.4432953937353,556.1657473499616,647.1250641717803,534.981199942014,671.7973053362358,258.35352917021186,668.685634912714,459.4094803875743,382.74077050077034,694.1657440829447,714.4698179814811,215.20086354339747,206.88206234419712,299.3620647891383,687.4222396419661,929.3375513627277,909.4555442333024,825.3628273376919,776.1992139298658,947.3765947099854,912.2460686134483,810.4429541246656,1000.5324688816272,603.3498034696032,1117.2206938265936,935.8907641137486,804.6959732106609,1065.4881147754036,434.4877468035602,213.7735805613259,165.79675591064088,142.15633575616098,1019.8631302040639,940.8115269636405,524.5414140874443,816.596171521722,585.9157799274586,742.7233796078095,583.4562797052118,630.7417595659273,855.1401410000502,937.9237222235046,813.0018157767032,845.8384063223594,530.21865228846,1004.2921634203256,150.55100092335766,154.59856570125064,457.2336531168554,364.7842734572761,619.2798917899706,538.5637751024199,416.233356296673,898.1781438572159,726.7121253135734,861.2025466128216,823.2045393987627,859.0337886490282,863.1222522365389,846.4869545865193,878.9131259239194
Troyes,322.79674648059364,188.06824572837465,260.35998651179966,645.1254773011863,576.0325969106423,737.7005075243753,517.537925860786,221.5863437121121,810.1794735617653,0.0,755.1683961173148,589.9573579462862,734.4442254001226,442.50452828085764,513.4356318152695,543.4127775438063,598.5466320086787,239.70276140730752,493.8510920936533,1037.0276053234406,975.1558834614949,169.3399673610702,656.8174378887431,375.7884190794578,559.1863748564704,243.56447509199302,493.0064019911962,298.3403058524207,249.1296459794914,788.9206668725867,645.3454917216918,727.950537056792,757.9640809462943,680.8058684861502,677.6667792186668,554.5116313112663,316.57062632319986,353.34649545974446,478.1854344056036,275.5668095327861,784.5864416957937,284.337144036865,414.28958803474853,470.7504401504268,568.5774288721342,216.6565151504375,615.1514912470175,685.1843372839273,549.2512552096451,463.90334388909565,506.5261078907024,99.37386963353995,106.06770016694814,467.9413312734163,210.02850739233656,124.50004399268046,667.4980436571898,233.06127754771404,208.72326514759882,350.36927119690233,250.47063095892125,382.78202688755323,313.0530176802759,377.0203091300228,850.1953867758772,835.3176566837963,818.0808517627952,354.9592303879309,318.02657374960944,373.74713302356133,223.7327395207659,297.0012051146523,375.91158279562455,434.9494750785954,401.27698968954695,183.5888487287545,327.7740886820121,140.12803156346695,199.9281001942625,528.2241687978618,285.448142817518,660.3289935277521,675.6956908488826,770.7725250595277,632.7748810950868,586.4244013784478,441.3830428568683,451.07455137160235,229.35275365351407,86.87328376260797,286.32312712038976,163.71764688436355,198.21542229004865,178.37639947619826,170.54002840464048,219.94668500238896
Carcassonne,523.7068732407987,926.7814479949312,495.18302834910844,425.8864868733441,434.5302575349798,520.854135605331,321.20910332777163,976.6745567243536,86.3964775582934,755.1683961173148,0.0,165.89798490692345,318.2652054011816,904.6888546980384,247.8167699349638,418.4769297295818,557.4319483142858,559.156542817901,302.9459199841916,705.2415182125536,754.7283044580148,653.965736948103,922.6640275170827,430.4110242087828,331.1048784499772,691.5643056667368,362.6888224346859,848.932492949221,761.0911511861304,949.6022582326881,229.25852365149296,110.57371530792224,195.3687324360808,384.3986613453051,170.45196828554384,816.9996615626345,524.4401334553247,627.4601769527774,451.4104570378478,598.0703584288757,314.09214801478447,640.4238317723737,384.6188282048353,308.8180246957166,702.0232970373337,679.2699654139224,202.07612219700377,230.79926015822133,223.54584242009503,682.2735142189856,919.8905367202912,854.4777676567014,761.9297568327809,769.4439401524172,880.5252346850732,851.4248214689311,825.0942032640422,935.4527066423758,552.2509510986837,1074.2720156714804,899.0862415007709,787.539819197325,1024.0273362395135,378.361599838625,286.493648002909,239.22661313383887,94.29203355279353,945.9398573394348,866.1840426032895,449.06183129064743,744.9360904536521,514.4988252094133,726.1828220844635,501.32080807326093,549.7415001288394,815.8605672918776,909.1350612171972,770.6709512397746,808.4972379438781,534.3110006638459,965.9184274446889,105.47778786938404,156.08247228233603,377.5223464018418,278.39900889953105,631.4951318028656,528.3547471698171,394.9410713122625,827.7510258400945,674.253359444477,786.4406279417084,782.9568089075301,821.0448228687212,823.0070465872731,806.2454774171948,842.2316729166498
Rodez,380.2745902557082,760.8972628371106,329.69842970935986,381.04746714457673,362.8013419634768,496.6566620960571,215.8593281002391,811.5385907859048,224.43708005011675,589.9573579462862,165.89798490692345,0.0,328.7548615257007,757.0225010421453,84.48880331407236,310.30401192927644,460.67144592527444,395.31945025503404,156.39206135526265,738.6700885426956,758.8621850394335,496.2977907195515,803.0467287253641,272.9674028907833,225.3226232687124,543.2483233462668,252.8102393590065,690.7714415582521,601.7485565505516,850.3444911086011,199.5457846845792,159.49478272738037,230.43851305718294,332.24712725506726,172.39821854968525,690.7369682741412,366.97491698444696,479.3134014743913,345.1505974862819,451.61533299030515,325.90714025237895,484.17833772589955,243.41643347626962,167.87713314878522,587.4162986150653,517.9092588090082,117.99214412069026,203.84351816562784,98.55406592828083,549.9144322736987,778.6781444989357,689.3207418010026,601.1328248434522,633.3262715548069,722.9807646486912,688.8134578598552,717.8503427378089,776.1303456583753,386.35554193837766,909.0111334503772,736.091679886475,639.6363589455368,859.1669033105917,212.93781961317578,342.8310437596875,306.4350375216904,241.01736376499704,798.7194459370954,720.5535644167204,308.3536444988189,594.0562828270284,364.0212626669997,579.6802257897463,384.3849842759473,426.079333569849,652.026424918977,750.608949434285,605.8831989528904,645.4991989965062,420.49361861319784,802.1422905547049,75.27132024989723,135.21338399304386,392.38077938086735,238.50907602281902,526.115185295577,394.1054009935631,252.9188483122368,674.7946451279477,508.4985482198528,641.335080027999,618.8328560885674,657.7257875648478,658.8455131053273,642.0730686680919,679.4395579935166
Marseille,420.62512900033835,922.3966768379,516.5673041941382,146.28210249442037,196.79187822140398,207.36574790898476,222.78181434355642,938.0866446759275,400.0597335629187,734.4442254001226,318.2652054011816,328.7548615257007,0.0,1025.6161681313927,384.2386615582059,635.8032246498683,786.8669459200452,625.033901961204,469.01086940990376,409.9249498566919,439.94249201409076,582.787198915222,1111.6519187877823,549.2215318837533,553.2271923231917,573.5518704843396,241.6353370921592,929.4210469667346,840.0525883152452,1171.9440996066937,131.46682077195817,414.343399745725,504.3230926021708,656.6255517417985,163.10842068573342,994.9533431740853,631.7003892398742,759.2481021410302,275.7972550450918,488.51945558077233,620.360506989775,742.5850829746756,325.8629974738495,295.6360547602765,903.633280617828,751.9012894774894,441.8825211075359,513.3148534770847,262.8179970366838,851.2404974967753,1059.9213355398858,824.3240480160996,696.2707219345476,927.0438441599085,784.126025916543,791.5661126050986,1036.6000176438658,845.4305560470754,579.2604322339397,1084.0051439489148,945.0667732629076,912.0484245552578,1042.867176712413,428.7366819320236,603.7814600512983,557.0339661515214,275.5079297619967,799.2677757455323,719.7463041965472,360.8475664566073,630.2177870985207,438.64009232130115,857.7453584582257,332.54705318982474,384.1506940525476,858.6579922041253,984.8767103941794,805.2638184153907,859.6535446724423,740.8980638980969,1001.0365459382966,349.30609999594094,432.5865985091838,63.886860649202596,111.20171349270083,848.442303654217,699.8216218041011,559.6664959978149,713.3229382486852,675.5361197974177,645.4913685482817,824.874527952392,868.542556902797,861.7996386193771,846.0180548643946,893.0992516197015
Caen,693.7044922595705,379.8914010666223,521.3252351009442,984.8784312616141,922.8981994013991,1097.58750303698,808.171335264624,485.1014989519715,920.4478754778995,442.50452828085764,904.6888546980384,757.0225010421453,1025.6161681313927,0.0,674.7681415231071,513.3285494406491,443.54199589657037,404.53346115461244,603.663477872465,1395.3546647361818,1359.3738447203089,585.9944792274257,247.48253092679417,486.87475248693283,587.9052526664673,676.7799070656336,803.3069098207645,145.6938656138303,206.69379117545486,395.45452793840104,904.3593943265673,826.426258617019,806.0249782820265,628.4224285015899,909.5957781553818,198.29827762571202,396.54159746454195,277.935446040069,831.3191540528621,678.5071937156454,765.231083092191,283.03186573504775,714.0469850061396,730.0546250664769,306.08885847052284,286.0899882989914,707.4612180245642,726.4666613153386,775.0660655950303,248.08621567009257,68.76172803153514,449.5299469862473,548.3426859460246,165.36439965455364,626.1658896530327,527.9319983023495,318.0363040665485,618.7865429584019,465.6107166007238,381.36319001720824,233.74064691095572,117.4347194214045,334.8454336457482,596.9097711430693,851.1316221395535,861.2563044267594,993.0070082511991,776.7764537159261,754.992918195929,708.84414910769,665.252279778127,654.0472482348878,178.51456236183347,807.3464611546941,791.7139366051994,262.19831366174293,143.44451378886944,302.745261038361,243.35440834203874,413.37961574137205,270.9361997930249,799.680036203012,765.9671483254128,1078.452401081466,914.4146306674012,377.405142886017,382.51205344738105,509.76713884551015,666.7399231371795,427.44684331457165,728.8274317234964,278.8140003976202,247.69770778214735,270.25840839803584,273.92111370308334,230.9133074915655
Aurillac,336.7033393118078,680.3416394365637,253.59301454660758,409.02771600084725,376.935432231214,529.3973718913202,222.63538455672918,734.7688900903249,296.7479831880429,513.4356318152695,247.8167699349638,84.48880331407236,384.2386615582059,674.7681415231071,0.0,254.75785566060125,405.27181868677735,311.5457683391344,84.78229900925001,790.5877352718562,798.335579552437,433.14139269908105,731.4412904003358,189.11579676818653,179.85238104212723,490.3539859635864,250.52214882413836,606.3503102039401,517.2703859190805,787.706390301698,252.89736012922202,217.33175679597915,266.8233235791977,309.8743637979011,241.10479506361838,616.8933610299371,282.85119908027605,397.6581100346496,337.04150772934855,402.5346531259716,338.8684758368858,400.1307558178389,211.3958705098268,148.29695265199382,519.997588249748,433.47996795531185,124.09453940204848,215.31987167003,123.45802834518986,474.41202120889017,698.4796533212017,612.7077536678047,532.6788100611722,555.6142734137084,658.0538274379493,617.1688774211576,652.5601482223607,708.7524932921002,306.97886868751397,826.5288181659646,652.0434041644725,557.5366313214516,776.2105996742771,139.280435349034,375.3086691899909,346.7523309556304,325.4967224605303,744.1863213680773,668.1749608480612,271.43184613308534,537.7340191498874,312.95033545184873,498.2142181000705,365.36910573233695,399.46922300615955,568.3143505745568,666.1542245160537,522.8542390230875,561.435798788543,356.70181971024283,718.4207873529144,147.4647801002423,172.75785277158738,446.01164015420005,281.72583110864963,464.4066891943103,319.66305686940893,177.7413543709947,615.420751201044,430.149826609069,590.3078599374,535.2820789968501,573.7803151875155,575.323759573864,558.5561835752852,595.3187568117073
Angoulême,515.4575661490932,658.6816994297399,344.48181329220597,661.7363321113403,623.9920546440103,782.7949171043759,471.077953831307,742.1564904720932,416.0301366176156,543.4127775438063,418.4769297295818,310.30401192927644,635.8032246498683,513.3285494406491,254.75785566060125,0.0,151.0758508267665,304.3942967877522,172.18080149825423,1044.2605441815192,1052.684809170534,542.4707106372557,504.19035302612156,187.74926590490537,88.19214222447836,627.3814797071951,492.16865682699597,497.704017682828,424.54886816115425,540.5074209241689,504.5113923457107,323.90367095318555,292.97816605584575,139.40683673743555,482.69983017582285,400.11255394804994,227.0878827870519,257.53195109925247,568.3675118584746,559.8413516615044,263.27331530240934,303.2274188168054,428.9718875730702,388.43968446494654,283.7670444719417,368.6931412460543,217.49162576643621,214.31120704081422,378.09410439850376,272.5497148272654,515.723958718804,631.005211767066,606.9000655871272,361.68808453108755,737.0582188035701,666.5206739356943,410.05878052032443,772.9808453524324,356.8911659426766,771.9244767511307,577.6225163803583,401.91317142674154,717.0056457930173,295.987177015838,344.7832897379836,349.48848299667407,512.3285235512994,857.5581422441784,792.9106566536049,472.1419044196713,659.4563637400279,478.36548514865507,340.73579736372136,582.2922116937907,602.7513761416203,510.9458839917372,555.8813592080302,484.756596308347,495.19561920774424,115.84577474006085,647.8824376734509,321.78094252459164,265.8123561454257,698.5667707660238,536.1258480824382,216.75966111231756,135.63936831971463,114.27645482036984,719.9342620643491,459.0397918855031,724.4000015456899,485.47664031058036,509.7526593086744,521.4821029441191,506.6871865226107,523.6007476774734
La Rochelle,637.9949446701697,675.4405366683378,451.08471433006594,810.1417494894663,769.6374372168494,931.4942906595188,618.2651292414821,770.897044861883,542.1429023533966,598.5466320086787,557.4319483142858,460.67144592527444,786.8669459200452,443.54199589657037,405.27181868677735,151.0758508267665,0.0,376.71903231101817,321.63826066266915,1195.282716039942,1202.1081115570923,635.7788117650271,375.1959112896869,302.43213880017305,235.91134244008953,727.9079153747,636.7726327041822,471.23723317347384,419.4424003319472,393.0648491980756,655.5869837789677,455.09139025341085,404.5658497125853,199.69318789103295,633.0050658529386,287.5786214115246,297.99373125974915,254.9344638502581,708.2413819402788,672.1027129248123,334.80635423605315,320.7367300545421,567.6352034803768,534.1916867488272,158.07146570741133,392.76778672715824,361.47762093773025,335.3030436976252,528.721105249439,198.58573409982534,427.3417179212017,672.7728330588583,679.5155862566635,278.6286724102767,804.8440870383314,722.7036866248118,268.5704823586818,831.4708182413633,445.075117585177,761.5929959297449,567.2770112005554,350.0559178719896,706.7009090806223,429.33368649302355,421.83533298437965,441.5369003861051,651.7137872687113,938.1533698226874,881.1968056162057,604.0709938957356,751.6099418812422,598.08019622694,298.26238954242416,716.556724541767,731.3504454996042,518.459686045522,522.3794714383087,507.49549836731757,498.71528117682266,72.65896988689187,634.6083791677293,466.43261539377164,401.5550151917326,849.641713444222,686.909257300963,78.68636049972008,160.62715382430014,246.87451536968675,801.2015348903068,522.4898380569642,819.5506297295939,500.81915490840396,513.0552793486404,530.1123870807074,518.213846694833,520.2838424363886
Bourges,307.69563123384887,377.7323236344587,118.55198744829754,580.677211997513,519.8364790770102,694.8466147189858,404.8921433065451,447.8323378449429,600.6217740270048,239.70276140730752,559.156542817901,395.31945025503404,625.033901961204,404.53346115461244,311.5457683391344,304.3942967877522,376.71903231101817,0.0,269.71748421359183,991.2645833333021,960.0574023526738,261.7935746013266,542.4053447633963,141.6382323022937,321.6191407370162,356.9932169239978,398.7817713878975,306.0468449258379,215.954960018961,647.3677737726526,509.2992100131383,511.8814627377778,529.5439921842524,441.1609599033526,523.5670187500049,424.52797975890945,80.11673996502373,173.81780924924607,430.9924110091736,317.228584284299,546.797599598159,127.17567482258433,309.51691368267035,330.1433555096988,389.078487282597,127.96501179954103,392.66980116198425,453.3407894763536,386.7379648782774,294.74301304886484,447.1155513608938,331.1460641141272,305.7651451967199,340.46687551213415,434.4946193409618,362.1784766134268,511.81366086616526,468.66401795300334,76.40961192647984,516.674428420646,340.932045299675,297.04206794813285,465.4227628459387,200.57269883126958,615.6073811200458,604.3934177012732,635.6156761001223,562.3352849304065,504.5082918670751,308.46233432118834,375.92794542495915,265.5364860426417,252.88557762235854,414.05933787534883,408.5957594344156,256.7692141882618,363.61802729132313,212.41991571780775,250.42377033652056,304.1589791447995,406.8798836733723,456.48560441489855,455.19360194391277,675.725638762475,514.1528193458137,382.66463057740856,216.11707960102913,212.98554082353556,424.9488753762613,154.64973595873192,444.49850801812715,223.80604960471726,262.451426209748,263.85826386787943,247.1016124010531,284.49306131980944
Tulle,374.1767384282537,647.0785632647467,245.10974845293492,489.5628035050878,452.96696221858184,610.6191749888632,299.3914809727107,711.6964516535237,333.3362405047118,493.8510920936533,302.9459199841916,156.39206135526265,469.01086940990376,603.663477872465,84.78229900925001,172.18080149825423,321.63826066266915,269.71748421359183,0.0,875.1182994256486,880.6889560141076,441.640596175587,648.4888133790146,131.08127031363654,107.26921262985176,511.89204029638506,322.37563146063775,546.8905916217306,460.07325210390144,702.9338447428166,337.63970427698337,242.70703118771465,264.1520105966808,247.56061684253504,323.5252245174023,535.0497339102848,223.32792463923832,325.7733304755657,402.87455710121685,431.26990660876766,306.8223402006325,337.970409696362,267.1934576831134,218.2116740489679,435.6331187624098,381.1560528259022,123.0394678420987,194.03050904083793,207.7954392984892,393.66674518005993,623.0908172399193,591.3426157286638,529.7400494233239,476.9644672936061,659.1633541889032,606.7375163741991,567.9392004455763,705.0982976931753,285.58390432880987,785.0458247507663,602.5554054822126,486.2549274495407,732.8147526443834,152.57690744829122,360.82380430864833,342.1356368931272,389.4402631163785,759.5060922924678,687.2060620604539,318.8364244613423,553.6958383956355,343.10469916070554,425.5306167808716,423.2387478746116,450.4972405076203,522.1085629847463,607.1934082146548,481.246183043595,512.5266857433567,271.92057924807244,671.0123080582166,197.46901633667133,185.47619604821458,530.776152996501,366.08439533394784,379.661858461504,237.9868292572893,96.52801795149375,625.7055737511823,407.4954791360133,612.2031695587152,490.5002461427369,525.7750108752987,530.3022652234557,513.7352215963085,545.576985866924
Ajaccio,718.8558327463562,1218.89691020051,874.0391126853164,410.59263126145083,473.2705580845276,300.9556278831519,595.780142897178,1204.665940710744,775.511453361703,1037.0276053234406,705.2415182125536,738.6700885426956,409.9249498566919,1395.3546647361818,790.5877352718562,1044.2605441815192,1195.282716039942,991.2645833333021,875.1182994256486,0.0,135.79754346282013,868.4715161367727,1507.444298914913,941.1936965429103,962.7798950519938,817.9485168722746,593.8704666366485,1282.050587390419,1196.844544366589,1576.4926489066172,540.2054063263931,811.197820653839,899.7454524703079,1065.1448504068696,570.7854492233726,1388.9996169623969,1014.3907994201892,1144.007531363741,568.2331272101064,762.0493351704775,1018.167917137677,1116.327408575177,682.2932105274974,680.2380623679644,1305.9404306483955,1111.1676391383849,851.1648786317636,918.6429809117876,667.3272031810312,1245.5549159429067,1437.5890861370638,1109.3771164605107,967.4035447287976,1315.5082727811496,1012.7488945205315,1054.7668910460263,1439.7041509028122,1072.4742080021397,931.27651895272,1380.0875733119974,1275.92844558953,1287.554765831942,1348.5331262561917,810.8264531640555,988.6962695044868,940.7282478909191,634.4546423401996,967.0564520836951,901.5109456370994,688.657730015111,865.8532916446738,752.7764304436407,1238.3497445256573,603.5211622655186,636.1632743999224,1193.293880980239,1331.9556457295648,1138.853393269997,1199.3822417264996,1146.5651623672031,1321.10505578695,755.3140232979681,837.4217767390538,346.33392646036066,509.099411429202,1254.563862770193,1099.020640247927,962.1061026380634,933.7976529791293,1000.6189424615892,848.6981351440191,1161.4722896203627,1205.4120763759688,1193.6672578946989,1179.6784697462556,1230.4010648372296
Bastia,668.5403118830858,1150.6961829524591,841.5068948813997,393.1900096082742,443.61951794815155,271.8143360852487,586.0818139604379,1126.2473144057044,832.248505205138,975.1558834614949,754.7283044580148,758.8621850394335,439.94249201409076,1359.3738447203089,798.335579552437,1052.684809170534,1202.1081115570923,960.0574023526738,880.6889560141076,135.79754346282013,0.0,805.9238906352504,1491.5199818657911,929.0716642304286,976.4726806224537,743.8953289817472,574.753472621346,1237.5779109951359,1156.0030016929998,1571.9355973806064,560.4300506079707,854.0863594713571,944.0253919771193,1090.878841936829,602.2380785181484,1372.2593215367224,993.3029213670658,1122.0836928319525,529.0994415802882,700.3866845145313,1060.3029913641622,1087.0448789535592,658.2929809028078,671.581632525898,1299.8136805996817,1073.293962674709,875.709769062153,951.758370036219,675.911549023496,1230.6170492965614,1406.5408925830873,1039.2447089475086,896.2633438939241,1294.3061401351583,926.9897701845472,978.5189510532327,1433.659756260743,984.7510156234489,894.0635780029572,1309.1577240969605,1220.862599471451,1256.7580665199828,1281.7266143471795,794.9100941931594,1041.2218361189634,993.8679990434897,696.1146324649819,866.5004150663154,806.3696457540474,651.7539609362614,787.0279435719242,706.4265675555821,1211.8553434318585,553.1017188938283,576.3321183096112,1141.3839310918631,1283.8520262763514,1087.5268350123551,1149.7583693113247,1147.4684305779303,1260.5930576401329,788.0818557453937,871.5782437980563,377.93132124671087,520.7370509046332,1255.2847122655066,1091.2645948462643,960.542587882087,848.0472914033502,948.8614843783056,761.1955654213791,1111.0814100253842,1154.3221112931687,1140.4813095288978,1127.5748530984886,1179.074510261844
Dijon,162.4909435715641,351.4042202788584,200.79874838174402,482.222556069377,412.79549546442917,570.0423141203208,376.5802289936064,355.37432687365174,720.6464079731026,169.3399673610702,653.965736948103,496.2977907195515,582.787198915222,585.9944792274257,433.14139269908105,542.4707106372557,635.7788117650271,261.7935746013266,441.640596175587,868.4715161367727,805.9238906352504,0.0,775.2417390685071,355.4011235296657,530.8801583492923,97.16140207710757,345.66083216408543,448.6426962490321,380.580150488274,894.484457674392,508.45330415170025,649.3331362125499,697.0513182552527,667.9384023874794,549.2460819513738,663.1299256349331,338.08600785972976,426.2316900451049,315.9372466158964,106.45198210208744,748.066192836121,364.1131614129351,279.8957016791614,349.152043152439,646.8589370969343,316.4951074384323,551.0724121246877,634.1553599809249,433.9169274587791,547.490234149019,644.6876094783555,245.17316368626553,114.4503123263879,575.4726248640767,226.79458479425827,209.77354722854784,763.2049587196202,281.8176779820377,190.73288532596422,513.7187751958381,416.6262306862295,505.6646399451631,480.16408739762215,295.9753738441948,800.5302640585626,776.9866362415003,703.3680956209961,318.71986260369937,250.55323701819603,226.14367758919778,117.07852447867748,148.22710190744803,481.48621959925873,268.7157269041422,232.3409159916472,341.5751692620643,486.95055178710567,290.115526123207,353.48278485288506,563.1574328304289,454.7611596977377,571.0741531372794,605.4373729210474,613.5072866029088,488.1568312650799,644.4303821846758,476.0316509301555,432.7349155273633,184.10581260426778,158.86918347535877,183.85976496916612,314.61301215739553,355.46855117115865,338.9484022996309,327.7785879642175,379.35456930217896
