,Bourg-en-Bresse,Laon,Moulins,Digne-les-Bains,Gap,Nice,Privas,Charleville-Mézières,Foix,Troyes,Carcassonne,Rodez,Marseille,Caen,Aurillac,Angoulême,La Rochelle,Bourges,Tulle,Ajaccio,Bastia,Dijon,Saint-Brieuc,Guéret,Périgueux,Besançon,Valence,Évreux,Chartres,Quimper,Nîmes,Toulouse,Auch,Bordeaux,Montpellier,Rennes,Châteauroux,Tours,Grenoble,Lons-le-Saunier,Mont-de-Marsan,Blois,Saint-Étienne,Le Puy-en-Velay,Nantes,Orléans,Cahors,Agen,Mende,Angers,Saint-Lô,Châlons-en-Champagne,Chaumont,Laval,Nancy,Bar-le-Duc,Vannes,Metz,Nevers,Lille,Beauvais,Alençon,Arras,Clermont-Ferrand,Pau,Tarbes,Perpignan,Strasbourg,Colmar,Lyon,Vesoul,Mâcon,Le Mans,Chambéry,Annecy,Paris,Rouen,Melun,Versailles,Niort,Amiens,Albi,Montauban,Toulon,Avignon,La Roche-sur-Yon,Poitiers,Limoges,Épinal,Auxerre,Belfort,Évry,Nanterre,Bobigny,Créteil,Cergy
Bourg-en-Bresse,0.0,250.01145146398812,96.02357136070324,158.11018664935196,124.20873565532497,205.0498348400497,108.77211979970396,253.9827983209563,293.562203329519,158.3264242029565,256.8694928767244,186.51834861058728,206.3096153558493,340.25049171178165,165.14737621011986,252.82334523669437,312.9258871116404,150.9195788596823,183.52745392008467,352.5868050315419,327.9078806401222,79.69909963945932,416.9433333789691,164.68371902930485,234.46612335483746,82.89920954087293,91.6880254349546,279.1102995601033,239.61435426657977,467.1529845464257,173.39706259295548,264.631394980681,295.12709115515025,304.0896435922049,195.97033494513937,359.12682788389935,177.75378998511852,235.7010256350675,76.22281635959523,36.93410683863067,330.3119421944282,212.30568235082325,68.29292805375889,105.83867612677851,337.1783117046871,200.30731640869823,226.00925845838086,270.4170365046798,147.27172164856017,294.08598608411774,365.2369305139557,199.40408672132293,135.20112406465773,317.8233840196819,182.22348409202948,181.95894047776622,399.8897267013004,211.53296702824176,114.8381476173122,329.80195842685015,273.2372481280239,292.7104236588954,311.84410828283353,109.59866705307654,349.0545625103445,334.0055536405938,275.14346053746146,207.101560501313,168.01948434030714,36.698877551763125,110.07985965246733,20.762578912494057,274.0205757903444,56.879381308101486,49.490534841219315,232.9523936011764,302.0382888435722,206.31556415001234,236.45420533411587,278.9201739227515,295.985089625892,223.1374857300776,248.02434280906795,221.3015193507693,161.32204823192495,326.59324062492027,240.31949814396313,196.87207307086496,151.54498467001525,138.33050049244324,128.92103821031913,217.6300461450948,239.0563656352024,232.9706905334949,226.23520084583737,251.28192611483536
Laon,250.01145146398812,0.0,212.9370894660201,408.06993494707564,374.0913306290586,451.89596584342047,345.5857523530114,52.215044820107074,478.2487965999664,92.24434005900564,454.57085388404715,373.2074258005554,452.42019671104265,186.3304006998271,333.6962351163105,323.07239554196354,331.2923258935419,185.27140920397474,317.38125063863714,597.848619504847,564.3972994684653,172.3579133097754,306.03807003993177,254.60363823895972,340.32782799434887,199.87693767164419,333.95265197183164,120.5136024896974,127.13991619547198,377.2707535921683,407.6191086539984,435.6672767925147,444.8254871150286,391.3522096231642,422.2537385492048,267.72169961659245,215.51990305807783,206.60830159372395,326.20006541394423,224.32592170655838,449.2869993470168,176.5835431337287,294.7372787736861,320.78898175767847,295.02030521156576,142.532001401016,377.7293411985487,407.0056508961229,357.8171394698273,245.83923536718612,220.03908356996814,55.02482594694807,124.94015497514151,230.82175194723632,133.89073537023538,90.72517221022727,328.2226975770395,122.03319201182184,183.79034640070338,79.79142657894793,71.68531597484107,182.85266953363765,64.40358976196731,269.721854174956,485.26784473745425,481.05566555646317,488.1129446011307,204.1854754458558,203.60518448806602,275.54951038915965,181.73260496826902,237.89293580454157,194.31840318006255,304.0608609231333,285.9549641519713,77.38927368946577,116.56992348352446,85.30747322673315,87.73144205697814,300.68411525866577,64.97286655894654,405.95950768846,408.3007002275084,470.2605839503374,402.2142257834455,314.9384818014698,262.56011078888923,287.5055045778505,164.51371465477828,125.23415218544446,204.232875603178,86.08494324964406,81.12010205416922,71.59094019810692,77.11707914685681,81.42428821433045
Moulins,96.02357136070324,212.9370894660201,0.0,227.41231981219408,197.07853060378187,282.8744103122172,144.24679067467088,236.38177718776544,269.84197338492845,127.7022340509292,242.87902235476517,161.7115847986125,253.36765325215487,255.7013390630948,124.38314708486858,168.96258805627215,221.2495343003252,58.14777397693247,120.22224645369036,428.7016174536029,412.7451068244119,98.48843943543908,322.742521695207,76.88221823926975,161.9708199354825,138.75993594974727,139.17251352276358,203.01052672603947,159.70997439016637,371.2904592760058,200.23939296704165,230.3635631366811,248.53433908575863,229.1966930855552,211.34380715870313,264.53394207505795,81.75721908400956,140.68625475950725,153.24771227387612,108.41780655401834,269.48908632678194,120.48273054557072,95.34338362577131,111.4436477570949,241.1969369679656,116.86637503467765,177.21572059939297,215.37476409426037,145.5128176177509,198.35489675228112,277.34111470753913,176.44299583743262,139.68195189576073,224.1198287439214,203.09002316649438,178.95175730062866,303.9172704526863,225.8889650450681,31.106309872932854,288.2904359051915,211.49388063721528,203.7683684362753,265.32154917249096,57.29928075707346,297.1930174960204,287.3454038888608,275.1998609187648,254.71683774140828,221.1243316223694,93.17026350158204,155.34509875447242,75.3369583541097,181.98787285058876,145.68852227514256,145.0665866309768,168.98301279437783,229.7800696235264,143.5452898048919,168.67382437673132,186.27874246181312,240.92421051596907,196.2291385040783,205.8854080000937,276.74238721241323,199.63712265865024,231.88522586591466,145.87030138535425,114.17585778325781,188.04186053583476,88.04209226423474,186.54113152105396,152.2883663948063,173.38043095384973,171.08422828897113,163.0877042016269,185.24843176906802
Digne-les-Bains,158.11018664935196,408.06993494707564,227.41231981219408,0.0,34.05494256887991,59.60238471384081,94.61148401145877,409.2934431353422,251.09353001077167,316.4232945249435,208.89022370326074,186.8974318432958,71.74893323847161,483.0664558933007,200.62127756981556,324.57064196174383,397.3610257620917,284.81249453124684,240.12239573918714,201.3888424232206,192.85314654603167,236.52212670942828,540.4199898252577,263.41437133781426,288.73859916388153,223.30191945840863,90.40193213551449,428.59900393986146,386.2843489054031,578.2905692845924,97.42689127362577,247.42099827101197,290.4642734595008,348.767900260387,125.33788375582921,482.0458449030288,297.0465128521998,360.59052883452443,81.887547676346,186.18828111868697,343.8038780205081,346.2033627663284,133.350952891834,136.55191222607266,444.852656902112,343.96601696399307,244.70811640557812,285.97027190207183,142.0624716901596,412.0849341602117,503.77258706779156,356.7746741212417,290.0014163635769,444.9586667825979,326.1551051620921,335.8775110450066,510.53764877831304,356.4319479741866,255.89590218902194,487.85965052403424,428.7516268852449,430.1679429345161,469.9007966720649,198.09997161198714,343.23863603299,321.5877444986479,198.4156793095814,326.2425127795944,288.0080576464236,137.83202873777972,250.31370991672486,172.07273858428655,406.30354807719715,105.58410605712902,128.2305856998192,387.3323878781208,453.82306354156685,360.62688195332964,389.5394938043942,370.044650713961,453.1355794332537,208.76351777003353,248.72881847853023,70.43003833715156,73.60829164293762,422.88566220216586,342.6002416085842,278.32575277176187,289.60724255387834,293.6876215970372,253.3175389204661,371.3135319348627,392.9519247831583,387.9819056091245,380.7731990559248,405.20890221004225
Gap,124.20873565532497,374.0913306290586,197.07853060378187,34.05494256887991,0.0,85.85047480771816,75.68963753695317,375.31429764693115,255.43936599769887,282.53438824138817,213.12984914994868,177.94801154405263,96.52313640296163,452.6661851697296,184.8805472522066,306.0577029353097,377.4943356642443,254.97112904595554,222.1727455188441,232.13132089782601,217.58797989493587,202.46931060037807,513.9777149596055,238.75041498558394,272.79244340700717,189.9635082611613,65.39006766553925,396.77415463635515,354.9027345649935,554.4311337716347,101.26679640426885,245.54801221378298,287.00185189039854,336.0364889627251,130.73831303160213,455.483172152596,269.66219094638086,332.93969628659227,48.03148180582,152.19830082220022,337.5228621437626,316.88830238942046,105.29993756406172,115.5838212761284,420.9850293434479,312.96863566749397,234.6312229339872,277.92412497527675,130.36155609571279,386.0574522903646,474.26328381980966,322.7223762523492,256.0045367174324,417.4248242070583,293.07889947347763,301.9581646214399,486.48235259571175,323.3433158188159,224.69415864383785,453.8771968570436,395.6583973610883,400.6410549892098,436.04934848311484,172.68643917289336,341.1877331961255,320.60035891424667,209.95720074327915,296.0306689012909,257.2998659626996,105.67126866601765,217.20145115490155,138.68228480577028,377.6271675516746,71.71033132063012,95.04031263878571,354.4566773614259,421.5682100743401,327.733825809459,356.9341798505258,348.5879465435774,419.6311824858409,204.59276383887118,242.77169817909075,102.03567524854601,77.77873062599042,401.00911195213433,318.7506184925122,257.01156936441737,256.94514154943084,260.49137266015026,221.6863958145488,338.5620374965379,360.1842605551975,354.9714133329772,347.8570154994103,372.44830414910456
Nice,205.0498348400497,451.89596584342047,282.8744103122172,59.60238471384081,85.85047480771816,0.0,154.19288914827638,447.87640338527524,296.6193817892468,361.8298039322474,255.47027261215476,243.60181514708108,101.70944325355855,538.3483771145881,259.660587623161,383.9478602577447,456.88242466364966,340.81068374275054,299.4985283457876,147.61371954955465,133.32040161087974,279.59625437078205,599.002405598496,322.52950215121786,347.5954400177055,258.35207717245544,148.88703673489752,481.56213377092945,440.1201370267406,637.7048262567793,149.20006174689397,298.7885089451989,342.59680266666163,406.30869386167876,174.05113137041843,540.5566858856558,355.0378355361611,418.4482074241917,131.29050096008189,227.57615342657044,397.63154655793323,402.7365058882039,190.70772872168402,196.09845362149582,504.2409444979149,398.4584506286901,301.44963889268104,341.31481691274445,200.37613847958306,470.81660331116547,560.1083116452747,398.8266922686159,329.8765409024066,502.9170363023157,357.90358301871174,374.06666067292144,569.9031702504811,387.8923077690995,310.1633180194707,531.3384372243239,478.2552189636185,486.48791405981535,515.0524331224424,256.8964456637357,393.7450725621201,371.3461789001866,236.8392521731977,346.316462946436,310.5077671877931,190.8548903949007,283.4917437353998,221.62253723283806,463.418544792776,148.67463494517446,166.10356490353388,437.67711644758907,505.8008003607787,410.9750053903323,440.692344107049,429.64664635465033,500.75476664768496,262.4034973493408,303.06458552625685,80.19251257303537,127.16420856812066,482.48227690714435,401.95893497163945,337.9251938736945,319.76641659389486,343.1840368355415,279.924070885888,422.0779910682078,443.62442435128867,437.87174887712126,430.9998068601506,455.88024775329245
Privas,108.77211979970396,345.5857523530114,144.24679067467088,94.61148401145877,75.68963753695317,154.19288914827638,0.0,357.10237354226246,197.97166601856935,253.84372700261784,157.54771169721653,105.87540277769895,109.27076690527538,396.3945704250437,109.19894553533305,231.05588505502556,303.2487414741263,198.59284808947194,146.8465315590984,292.22023042201755,287.4633617173621,184.70632598421403,447.2919388061628,169.65678557680295,197.12662511948662,190.8371225216522,20.349614399477005,347.07690096347665,303.4453307000396,483.81782063927,64.81441467180751,179.3556406694133,218.1048556460021,260.6210370679986,87.74302259204508,389.1099141606673,205.78962789993898,269.26834235030276,64.937411125749,145.37912227173118,265.4833369692535,257.89881034595714,51.03003433971946,41.99032673896803,350.43192117998836,260.2890382094966,160.73272925055005,205.00560789469688,57.55017422903009,318.8325113960857,414.93495587186067,299.55915977622055,240.8110145532911,353.14198292260994,290.9260898586698,287.44935964733156,416.1372266707489,320.0524112218532,174.88981042647669,424.2978196289164,354.33072090507636,341.70712795797147,403.4293428849545,105.60370527232641,273.10331936829067,253.99180773090328,168.73530827966118,312.3341441322384,272.7319546589011,73.90209344796871,218.45119591785598,112.03548065309221,316.33010919693834,88.34241282942693,112.37769501304479,311.92206819901827,374.02471610216566,285.79014261840246,312.3762420539965,275.49024115715014,382.09827354692,136.83385049215065,172.0633672658139,132.85566477955263,56.70810810883386,328.29618999355,248.25695435792477,183.75190404114701,260.01431916119765,222.91079637818763,233.90826587740116,295.3375309777976,316.74125567359533,313.5189297026707,305.74743976137165,328.78066679986176
Charleville-Mézières,253.9827983209563,52.215044820107074,236.38177718776544,409.2934431353422,375.31429764693115,447.87640338527524,357.10237354226246,0.0,505.93598212214886,108.68440848506245,479.0425921640167,398.04615313730653,460.1158644361312,237.93420021095946,360.3918944411362,364.0153893017205,378.11215222067256,219.6542978406471,349.0752479285258,590.8685661529414,552.4055369274246,174.30518442607828,358.0768486640135,288.7390800832586,377.2574971482413,189.80495714101525,343.1235697866357,172.7256447017624,176.85587359366525,429.4406338064998,421.08052744663564,465.1877623398908,478.25659540877894,432.35471305008343,438.6448469332896,319.8419257054893,253.76577963727738,253.07409471811891,328.50162470552095,223.11622985689687,487.4517003778161,221.40244406623282,307.54523883340784,337.57777369211794,345.59499743271294,186.30805700461946,409.0563696379321,441.61759744387587,377.01727459772735,295.746786839163,271.5816449927196,59.945826705085274,119.33250537864097,282.5230476502724,102.3290105805472,73.81609176949256,380.2563020054554,81.64781180535056,210.28919372151225,96.79306166008939,123.46666014999917,234.6719187161297,95.65297061719443,293.60502733546593,521.5917924582533,515.6147764383329,509.32242447652857,164.35939518744976,171.8512862687222,284.1573301798916,166.5579291246553,245.65882931954067,244.81703447798566,303.74090918830933,282.63168856620763,127.06970200011008,167.7883560003642,129.24561186878788,137.840446035452,346.27018270924736,110.74286934335267,432.51523961918065,439.080698894094,474.9666413023073,412.8093727066176,363.87829669105116,306.4805899834643,323.9774604564733,139.00999667872307,149.72776543263367,181.56628588616502,132.89768187242572,131.64931277999867,121.27993942612395,125.5869032185027,133.1515682967629
Foix,293.562203329519,478.2487965999664,269.84197338492845,251.09353001077167,255.43936599769887,296.6193817892468,197.97166601856935,505.93598212214886,0.0,397.3795287908199,42.37603230105027,110.08264714658142,196.22263165038558,451.4643421239851,145.54993995401523,204.05584817533017,265.9120578893018,294.5949697973454,163.4958703635527,380.375442683026,408.20402099470004,353.4650523373406,448.8220172848086,227.77319031417733,163.71191884032154,375.01181014155884,218.23913243857194,430.4525404326787,388.58053036775004,455.4049247634459,154.8223088928101,46.13130045952349,71.43000308516636,173.48762167467447,125.9073086634704,399.96134566903726,272.79002964603364,317.404058558522,262.39936221822546,329.5053816456681,126.71810016583608,327.9791591641044,225.33269330543206,187.72796891778617,340.47672804361633,350.4355378896168,105.5524368869774,101.47220354545628,146.83210341132585,337.169151507057,455.82457998422854,446.07278685403094,404.8267107620156,380.7127777790336,464.67243009533604,447.4414925537528,397.50876161557966,490.7445004452901,295.93302277178253,547.978129977047,459.0388216183918,394.6899632602757,522.6041621620892,213.10899834469953,104.852378372321,81.32054549490417,69.72531341613436,500.2258676462566,461.4523737835496,257.27882125299,400.5268121952126,287.38192479141964,364.2934389746371,286.17558092407796,309.3683207044279,419.43198682484126,460.0359536885919,398.76384060821,414.8696409943452,260.0634119699515,492.58856795494603,73.8427567695582,75.82801983370175,224.26548629293228,178.92060639290298,303.7464655914508,264.15655562481857,204.15552404091318,440.5414099262334,356.44018559755256,422.40549573781215,403.7681064994364,421.3417561025376,423.3470793511517,415.1877431087779,431.09223971358375
Troyes,158.3264242029565,92.24434005900564,127.7022340509292,316.4232945249435,282.53438824138817,361.8298039322474,253.84372700261784,108.68440848506245,397.3795287908199,0.0,370.3975121556076,289.3642514500209,360.2326518216702,217.04109604628934,251.83162014485947,266.53491050561126,293.5771472230568,117.57020942426088,242.22572982040202,508.64475661772553,478.2977082398055,83.05843165781558,322.15800632713035,184.31795641815606,274.2715970941845,119.46431562470437,241.81142340331522,146.3309476821815,122.19393919217421,386.95243842322253,316.53120793129443,357.04760591740546,371.7687489694749,333.9239317279819,332.3842607604357,271.9787132976543,155.27261603442415,173.31056691474697,234.54198581870844,135.1609272956727,384.8265732110919,139.46263019768168,203.2021381045769,230.89524505311516,278.8777525713006,106.26640973937045,301.72155393180793,336.0714976988116,269.39858649274413,227.53685845520326,248.44261381859135,48.74122682409079,52.02443913688528,229.51742396742281,103.01548240081789,61.06519657767655,327.3966654464573,114.31267228252793,102.37528283381144,171.85028803422733,122.85166997483489,187.74820448789671,153.54728762188068,184.92217795645735,417.0066672904548,409.7093886424573,401.25502310878835,174.101586518107,155.98673398128759,183.3167396291731,109.73717985594367,145.6741410886517,184.37836616820724,213.33546836813304,196.8196754928946,90.04727048730858,160.76772759704892,68.73046401468781,98.06140101028251,259.0851510592046,140.00755658294563,323.880365842137,331.41747476652944,378.05107733294733,310.36553292912185,287.63139513610565,216.4910261372463,221.24454953858142,112.49370312115443,42.609897797496494,140.4367218004325,80.30077716933225,97.22136104289736,87.49065100308397,83.6470415986694,107.8801832155884
Carcassonne,256.8694928767244,454.57085388404715,242.87902235476517,208.89022370326074,213.12984914994868,255.47027261215476,157.54771169721653,479.0425921640167,42.37603230105027,370.3975121556076,0.0,81.37019663043084,156.10377882918957,443.7348050818096,121.54999537360082,205.25595941686439,273.41108011568525,274.2569649764668,148.5899246535796,345.909210657954,370.18165453158196,320.7592945440953,452.5513277633371,211.10943385733782,162.401424465073,339.20076585777326,177.8928225905062,416.3872389167104,373.3025248042772,465.7640809588297,112.44748487566311,54.23456446328073,95.82510711435702,188.54113674551635,83.60384957792117,400.72471733544614,257.22914479094584,307.75875912572144,221.40930566944704,293.3435429700564,154.0569637321182,314.1172157538197,188.6491249206683,151.47009414617074,344.3307268085282,333.1705968694387,99.1149700022604,113.2031904532716,109.64550994301626,334.64378749917546,451.1909767523574,419.10710373948444,373.7138468971985,377.3994285790914,431.88295219245026,417.6096845168195,404.69495513095825,458.8239617296412,270.869887331386,526.9125191532665,440.9868166854365,386.2751556526346,502.2683413032107,185.5800586941816,140.5203594512935,117.33666663192906,46.24867092375268,463.9677343607038,424.8488364962035,220.2573438842077,365.3787367660088,252.35309878479708,356.1805711853946,245.88950101313327,269.63904345486026,400.1660105805444,445.9155952760149,378.00125706725544,396.5544202575064,262.070640642272,473.76689002116245,51.73509698680172,76.55585127994777,185.16841887099667,136.55007388173834,309.7378372304421,259.14919757434245,193.7120131274762,405.9980823241357,330.71003525152526,385.7360206616089,384.02726548899506,402.70880153672664,403.67123956694763,395.4499692485104,413.1005983710681
Rodez,186.51834861058728,373.2074258005554,161.7115847986125,186.8974318432958,177.94801154405263,243.60181514708108,105.87540277769895,398.04615313730653,110.08264714658142,289.3642514500209,81.37019663043084,0.0,161.2487803306641,371.3069197194883,41.44034987883059,152.19894611777795,225.95166636891503,193.89760169258994,76.7076995604004,362.3053672620498,372.2092540587581,243.42579471809466,393.88103632764563,133.88596166121437,110.51699133624895,266.4542484626214,123.99920890160334,338.81187922696336,295.1476378454364,417.07980048058374,97.873881624708,78.22953268140128,113.02625001266395,162.96167846648956,84.55845289497812,338.7949706556617,179.9950805322548,235.09523486649766,169.29061555706318,221.50979390952816,159.852020508121,237.48140501559166,119.39170367955231,82.34093585726,288.11790419904594,254.02585962483835,57.873180155463224,99.98184826827104,48.33912677005628,269.7238637897113,381.9286519076529,338.1003351743617,294.84563170529924,310.6359807597736,354.6100153807722,337.8515208559613,352.0936289405163,380.67899903967214,189.50095406174196,445.8548107718525,361.0407007896513,313.7309734568034,421.40704662545676,104.44245155660249,168.15291311339737,150.3012786537638,118.21499997066829,391.75857624137967,353.4195141203278,151.24232339926235,291.37470578861036,178.5463623171189,284.32348941277405,188.53442837094755,208.9848117937848,319.8080943156762,368.16117954835954,297.17561103307685,316.606598787803,206.24511170279666,393.43742447890685,36.91932806057043,66.31991129218812,192.45623260665909,116.98472663792568,258.05072980105894,193.3021307639928,124.05247978301362,330.9755268578395,249.41006292603413,314.56416783573303,303.5272020305075,322.6035367040984,323.1527434196113,314.926138963888,333.25377920318664
Marseille,206.3096153558493,452.42019671104265,253.36765325215487,71.74893323847161,96.52313640296163,101.70944325355855,109.27076690527538,460.1158644361312,196.22263165038558,360.2326518216702,156.10377882918957,161.2487803306641,0.0,503.0476368656459,188.46265951660735,311.85088497034957,385.9451225246835,306.56871168027124,230.04201459773427,201.06135582220978,215.7844599580446,285.84740794793447,545.2467386334274,269.38400769678293,271.3487173813201,281.3176332747272,118.51810558808589,455.8655331864005,412.0317936921559,574.8190484554232,64.48228447496595,203.22853185194901,247.36207153648806,322.06388937015646,80.00196187267414,488.0080322711692,309.8385125823376,372.39853996513966,135.27395697870008,239.61065097144248,304.2764893367015,364.22560678102883,159.83036921096527,145.00455759233628,443.21706358836764,368.7950508005506,216.73601189456122,251.77238038295212,128.9078472465428,417.5192766805433,519.8737497267217,404.3172068177632,341.50918459686335,454.6995548296991,384.60074694496575,388.24998546425746,508.43503198735544,414.66959723182305,284.1175876702102,531.6864563545436,463.53950117256846,447.344551437278,511.5089690578268,210.28819687629203,296.14474313082764,273.2158764978854,135.13204774943,392.0275228735878,353.02356643666974,176.9897172208583,309.1113209420394,215.14565461539286,420.7098025677854,163.10878713872253,188.41951292120703,421.1574342095867,483.0656118365051,394.96848186910887,421.6457361027551,363.3981520409516,490.99174184030227,171.32882027967577,212.17651679211284,31.335440367423054,54.54258710627821,416.1468092373325,343.25084180121485,274.5070885119949,349.87301249534266,331.3392078253034,316.6027580834564,404.5872080518491,426.0056484515402,422.6983594154941,414.9577556100711,438.0502979319366
Caen,340.25049171178165,186.3304006998271,255.7013390630948,483.0664558933007,452.6661851697296,538.3483771145881,396.3945704250437,237.93420021095946,451.4643421239851,217.04109604628934,443.7348050818096,371.3069197194883,503.0476368656459,0.0,330.96252728139206,251.77909802481437,217.5499566206695,198.41692047198484,296.08687483847956,684.3982071420182,666.7502146045662,287.4205254863985,121.38605671074376,238.80395151563246,288.3577280120244,331.9492647505755,394.00865081858797,71.46041285249021,101.37985967504102,193.96385504498673,443.57321026060913,405.34830608067085,395.3418180976959,308.2307274728882,446.1415692555788,97.26200020411798,194.49704452973342,136.32270402521985,407.74818974369464,332.7964700642954,375.3330924053348,138.82241294527864,350.228145362428,358.0796260180224,150.13148359881697,140.3223710941836,346.9979364207483,356.319789597485,380.1569874066024,121.68215401591924,33.72648157066747,220.4869468309712,268.9529484117593,81.10848195723098,307.12393277665166,258.94184630066405,155.99150653957423,303.50448621204686,228.37429631404498,187.0522886502737,114.64589163237525,57.59977263087521,164.23610444601206,292.7742942494898,417.46587513241536,422.43186304958505,487.0533874304089,380.99590427343315,370.31144315979986,347.67624106817016,326.295155693175,320.79927447174185,87.55841759577328,395.9899834220249,388.3224906725735,128.60390287919054,70.35714327154399,148.49150478496543,119.3612813849643,202.7558118608806,132.88969039514882,392.229729756974,375.6941201344762,528.9629285237743,448.5051360985158,185.1109324998766,187.61578701504962,250.03228548474198,327.02481996673424,209.65555253174216,357.4777081365129,136.75362029502608,121.49159737201357,132.55724501242995,134.35374091946733,113.25912876948802
Aurillac,165.14737621011986,333.6962351163105,124.38314708486858,200.62127756981556,184.8805472522066,259.660587623161,109.19894553533305,360.3918944411362,145.54993995401523,251.83162014485947,121.54999537360082,41.44034987883059,188.46265951660735,330.96252728139206,0.0,124.95448223726389,198.77907253555284,152.8080069408731,41.58430462572031,387.77010768859094,391.57029617747776,212.44863409568757,358.75976225319135,92.75814638484934,88.21459536147938,240.51045754870637,122.87693862909279,297.4047213165292,253.71250312021033,386.35685600314446,124.04194018738124,106.59760451248117,130.87239316020347,151.9882108701405,118.25788356545375,302.57591202916694,138.73379896222406,195.04467533682836,165.3132421827833,197.43653844740362,166.20933959006186,196.25746688271968,103.68615122056156,72.73718365992544,255.05015041003054,212.61469961594784,60.86630333438141,105.61080838962188,60.554105269509876,232.69118953594048,342.59262862649405,300.52294137816375,261.27007835483727,272.5195408715337,322.76443479452354,302.7110482271208,320.06987670059755,347.6312854182203,150.56801877674746,405.3986098301029,319.8164223526043,273.46242538598335,380.718362296905,68.31473219811203,184.08264709320406,170.07623912822078,159.65071742151576,365.0109875256858,327.72868204662655,133.13279666417617,263.74957415936734,153.49692370020762,244.36577040778292,179.20745687661574,195.93299606413782,278.74871705097723,326.7375445547157,256.4512900035074,275.3749020424672,174.9562975375456,352.3734225168153,72.32901689283385,84.7348474869174,218.76127596829923,138.18182472827417,227.78374093832264,156.7894016768306,87.17917196306674,301.85362145159206,210.98132078797153,289.53616683496244,262.54693837997166,281.4296815942232,282.18671534165406,273.9624987739511,291.99392823686225
Angoulême,252.82334523669437,323.07239554196354,168.96258805627215,324.57064196174383,306.0577029353097,383.9478602577447,231.05588505502556,364.0153893017205,204.05584817533017,266.53491050561126,205.25595941686439,152.19894611777795,311.85088497034957,251.77909802481437,124.95448223726389,0.0,74.10018689968186,149.30032933611267,84.45181345486873,512.1923925786322,516.3243541513275,266.0728423890633,247.29696498676216,92.08788577192435,43.256775892069555,307.72015943838403,241.40052336269443,244.11552560646575,208.2341440185768,265.1098815062894,247.45442942236534,158.8693522080216,143.70090748095808,68.37672997243318,236.7562217040715,196.2485391689527,111.38282170900251,126.31512981499834,278.77479177471747,274.59285230077353,129.1311732672434,148.72799513932944,210.40356132313138,190.5231912353152,139.1830058627462,180.8378408955022,106.67601757800753,105.11607520006869,185.44885663905944,133.68109262752657,252.9540063522614,309.4975396182165,297.6743671693928,177.40197732775627,361.5147720195044,326.9172818875591,201.12699753221045,379.1342216312788,175.04916870878384,378.61609043848375,283.3142172426261,197.13171203195958,351.67931916737837,145.1767772066516,169.11045722831864,171.4182761018187,251.2886019931865,420.6179761350654,388.9094619109823,231.57773508610842,323.452355475088,234.6302977073295,167.12522967694926,285.60462496560945,295.63950414119574,250.61044033321392,272.6505420022187,237.76503121263906,242.88519796107843,56.82042174708751,317.77553763819975,157.82818929260347,130.37653048339556,342.6353582812219,262.9607930536346,106.31700111457323,66.52884950468136,56.05069648181106,353.11575663819553,225.1513672566412,355.3061274248018,238.11820079500114,250.02518351324966,255.77828012570802,248.52162020289848,256.8174400566727
La Rochelle,312.9258871116404,331.2923258935419,221.2495343003252,397.3610257620917,377.4943356642443,456.88242466364966,303.2487414741263,378.11215222067256,265.9120578893018,293.5771472230568,273.41108011568525,225.95166636891503,385.9451225246835,217.5499566206695,198.77907253555284,74.10018689968186,0.0,184.7744066980159,157.75820621736153,586.2662508389909,589.6139935835612,311.8389108572163,184.02734122240327,148.3379235458382,115.71058161115658,357.02670069270073,312.3263634641897,231.1340089177027,205.72950665614795,192.79175745083612,321.554489093854,223.21474206279382,198.4328065198612,97.94618044075348,310.4784347164355,141.05252082532928,146.1609586207193,125.04110561082076,347.3805938186744,329.65517897773833,164.21693664688013,157.3160204795853,278.41560672040015,262.0121191555206,77.53141940505681,192.6460532598923,177.29874844294108,164.46055454962354,259.328890106429,97.40299281372933,209.6039902783841,329.983861734819,333.2910697991225,136.66272000603388,394.7626106241843,354.47411322802645,131.72934542222742,407.822578500418,218.30192725690287,373.5486712869411,278.2399193770191,171.69659345091304,346.62501755556053,210.5810176633865,206.90320023995514,216.5664906910448,319.65475075884837,460.14859200853107,432.21234654132195,296.28675465596007,368.6521496603847,293.3483682460436,146.29273103073336,351.45913077566104,358.7152043434642,254.29583501056106,256.2184244159664,248.91808369086314,244.61153349587858,35.63801374668901,311.2648331754517,228.77742397372177,196.9560423679583,416.7350997491668,336.9175422185006,38.594348385771035,78.78494183158881,121.08783521357519,392.9759995047806,256.27255740297335,401.9759247052036,245.643448496657,251.64506359918565,260.01129065663565,254.17525490637067,255.19055331767464
Bourges,150.9195788596823,185.27140920397474,58.14777397693247,284.81249453124684,254.97112904595554,340.81068374275054,198.59284808947194,219.6542978406471,294.5949697973454,117.57020942426088,274.2569649764668,193.89760169258994,306.56871168027124,198.41692047198484,152.8080069408731,149.30032933611267,184.7744066980159,0.0,132.29193071536324,486.1987570485958,470.89215489728065,128.40538511570736,266.04078151736655,69.47119230707001,157.74882821249415,175.0992230142722,195.59581250290725,150.1108766553747,105.92230863996673,317.5231035725899,249.80277419127745,251.0693261151677,259.7325024331727,216.38209814992942,256.8008965798982,208.22389860541577,39.29592567384472,85.25473847326771,211.3945943931495,155.59533344837726,268.19510930957034,62.377548905897235,151.81288754612177,161.92981348824875,190.8365133706591,62.764705537478214,192.59799297326725,222.35610155832686,189.6885261400471,144.56653551691738,219.30272601666238,162.42162534691082,149.9727076332378,166.9933279907766,213.11236920975276,177.64250647094232,251.03607042717294,229.87188973898228,37.47764115640626,253.42019589985318,167.2214860187356,145.6941836274267,228.2821081298855,98.37756589842387,301.9451603163638,296.4448981588461,311.7588955325083,275.81608500361557,247.4529086892692,151.29563394563752,184.38639176518538,130.24122079581502,124.03616106413982,203.089204238894,200.4094100732569,125.94102007243927,178.34858208593917,104.18842832765607,122.82868562055774,149.1849099542051,199.56780161039458,223.89858087210084,223.26487519345682,331.4321637190146,252.18338867546584,187.69062355437595,106.00182559297811,104.46585801493046,208.4303408907999,75.8531179921587,218.01910987442443,109.77313723028706,128.72805036544455,129.41808078946374,121.19922252250987,139.53910502634454
Tulle,183.52745392008467,317.38125063863714,120.22224645369036,240.12239573918714,222.1727455188441,299.4985283457876,146.8465315590984,349.0752479285258,163.4958703635527,242.22572982040202,148.5899246535796,76.7076995604004,230.04201459773427,296.08687483847956,41.58430462572031,84.45181345486873,157.75820621736153,132.29193071536324,0.0,429.23094056329023,431.96325477565296,216.61735174752252,318.072954815517,64.29317840100016,52.61376097473179,251.07451423137192,158.11987430425182,268.24072034726515,225.65826226942858,344.77733528227253,165.6066476194557,119.04375368038757,129.56215866416198,121.42435655098274,158.68373053871053,262.43297698742947,109.53862490346908,159.78638904275704,197.6032556821952,211.53070135982372,150.4912441627402,165.768853115904,131.0539377692724,107.0291892597846,213.67078420098264,186.95069131022458,60.34880831875205,95.16873084271366,101.92019971858731,193.08697739839974,305.61566100922636,290.0436973046474,259.8286652413166,233.9431217997256,323.3086391737539,297.59463948960513,278.5647121652144,345.8389633802076,140.07414534154242,385.05189294317177,295.54338379893386,238.49993766520888,359.4334225928593,74.83643015492937,176.97806228332018,167.81182763546397,191.01395838753172,372.5250798345839,337.063120006285,156.3839522578807,271.578580469086,168.2871365266734,208.71567535407115,207.59155185336573,220.96138818164593,256.085548334635,297.81824683915124,236.04323201316595,251.38579724568737,133.3725121115254,329.1203535640876,96.85526136286501,90.9729828917151,260.3368567755671,179.5582945047125,186.2178138777267,116.72857330354611,47.345384004908496,306.8981554987257,199.86974092489558,300.2754512823905,240.58219572891008,257.88387991748607,260.10442272101795,251.97856393929607,267.5964186179618
Ajaccio,352.5868050315419,597.848619504847,428.7016174536029,201.3888424232206,232.13132089782601,147.61371954955465,292.22023042201755,590.8685661529414,380.375442683026,508.64475661772553,345.909210657954,362.3053672620498,201.06135582220978,684.3982071420182,387.77010768859094,512.1923925786322,586.2662508389909,486.1987570485958,429.23094056329023,0.0,66.60643177612224,425.97080413981803,739.3763045461162,461.6398215926884,472.2274921914187,401.19011505056943,291.28356604416547,628.8244456052106,587.0323016027392,773.2433694112141,264.9617483796571,397.8790110670305,441.31014867914485,522.4357967103961,279.9607497532439,681.2811621264395,497.54178060227906,561.1166273417256,278.70887834443704,373.77249807886636,499.39439389074494,547.5399884493147,334.6534482102287,333.64543229044705,640.5420155591938,545.0092075367255,417.4821868875695,450.57907142088334,327.3128710402428,610.9239270213967,705.1134869321274,544.1309860052728,474.49531529706303,645.2348826612742,496.73645361407864,517.3455806098918,706.1508909486477,526.0307244549161,456.77561127099335,676.9099532499796,625.8216370875712,631.5241533944703,661.4330228765579,397.69686150274987,484.9390419207924,461.4115267863643,311.1894278238289,474.3250721395177,442.17609365257,337.7751389435784,424.6866086635185,369.224292858765,607.3899105274261,296.01707140519903,312.02748337192196,585.2907603894575,653.3020449695894,558.5886085090457,588.2769998628194,562.3711027217403,647.9800114459025,370.46893986059837,410.7414244608936,169.87101869669925,249.70477631583313,615.3426652910669,539.0513070309374,471.8970082422594,458.0121854920467,490.7869142950351,416.27229031922235,569.6828001872942,591.2345332611397,585.4738955430516,578.6126281027092,603.4912156182472
Bastia,327.9078806401222,564.3972994684653,412.7451068244119,192.85314654603167,217.58797989493587,133.32040161087974,287.4633617173621,552.4055369274246,408.20402099470004,478.2977082398055,370.18165453158196,372.2092540587581,215.7844599580446,666.7502146045662,391.57029617747776,516.3243541513275,589.6139935835612,470.89215489728065,431.96325477565296,66.60643177612224,0.0,395.2922362917464,731.5656924388062,455.69416677728805,478.94357530063655,364.868260610064,281.9069990962265,607.0113390445977,567.0002056137215,771.0082115885643,274.8815993223661,418.91512454804274,463.0287210082441,535.0578906559823,295.38774021184315,673.0703262250701,487.1985278818563,550.3633499391922,259.51445777110496,343.527995642969,520.0609455475987,533.1773957120715,322.88173558314554,329.3995977267442,637.5369467728005,526.4328004592335,429.5210465621683,466.8216178632648,331.5233496035411,603.5971523958084,689.8848654637947,509.73220899360376,439.6022324575716,634.8355899672929,454.6730324460174,479.94723684242643,703.1862161166234,483.00396064637465,438.52328395081713,642.1200443741575,598.8127573307554,616.4188856602761,628.6655422270524,389.8901527001748,510.7019569190829,487.475689064181,341.4326253135325,425.0040119164433,395.5108717482644,319.6744552732206,386.02408918963596,346.4904576098871,594.3948483642694,271.28717475544124,282.68129849555913,559.8297951350406,629.7080213547791,533.41378712631,563.9373175077162,562.8141407246319,618.2998848881912,386.5410155455198,427.49460227888335,185.36901421615755,255.41284451787413,615.6962299543599,535.2470960288452,471.1301303130323,415.95306231181985,465.40074372948595,373.35373824642943,544.9669135939505,566.1757568874443,559.3870743020989,553.0566725305904,578.3163960415967
Dijon,79.69909963945932,172.3579133097754,98.48843943543908,236.52212670942828,202.46931060037807,279.59625437078205,184.70632598421403,174.30518442607828,353.4650523373406,83.05843165781558,320.7592945440953,243.42579471809466,285.84740794793447,287.4205254863985,212.44863409568757,266.0728423890633,311.8389108572163,128.40538511570736,216.61735174752252,425.97080413981803,395.2922362917464,0.0,380.2431523174516,174.3183277392422,260.38786966768873,47.656048362119975,169.5408771626145,220.05176513187942,186.66822081199024,438.72971841499475,249.3878714646731,318.48708109331886,341.8920540822305,327.61265406435217,269.396049095783,325.25417635850744,165.82555208839977,209.0595401056232,154.96195384432028,52.212923021372184,366.91399981623675,178.59143712035444,137.28417674526736,171.2532579655521,317.2735276637613,155.2355752800937,270.29183360695725,311.042634814644,212.82902096974018,268.534835012858,316.2085276556421,120.25335056871847,56.135970690887824,282.2597312854152,111.2389639318371,102.89042868981558,374.3393121693284,138.22687408888982,93.55130137096334,251.97049725397204,204.34822238108416,248.02007814910343,235.51248213374373,145.17098794768015,392.6467523496573,381.0989952991852,344.9903281005049,156.32678060940447,122.89218687014153,110.91970479620835,57.425064948049986,72.7029230339048,236.16096594310974,131.80058545103333,113.95934694530308,167.53692760355483,238.84112980904553,142.29683030466433,173.37741459059256,276.21933484611156,223.0527694790787,280.1023542112832,296.9569407948917,300.9150989572834,239.43278978833393,316.08236195521374,233.4855909203924,212.24926381757956,90.30083265218327,77.92268667493887,90.18015038795983,154.31243891299988,174.35139987360049,166.2485421879306,160.76993441998263,186.06709366656372
